VarName	Date	Screw speed	Pressure	Barrel temp - zone1	Mould temperature	Extraction temperature	Cooling time	Holding time	Cycle time	Sinks	TOT - Energy cons.	Schrinkage	Piece weight
1	09/05/2021 4:29:17	150.0	1.9	186.8	54.8	81.8	37.5	4.9	44.5	0	26.2	2.78	84.47
2	09/05/2021 4:29:20	150.0	2.2	178.1	42.7	72.2	39.9	2.9	44.9	0	23.5	2.23	81.45
3	09/05/2021 4:29:23	149.9	2.3	176.2	69.9	95.4	38.3	4.3	44.6	1	28.4	2.0	85.14
4	09/05/2021 4:29:26	150.1	2.0	179.2	46.5	72.5	40.3	4.9	47.2	0	23.8	2.46	83.57
5	09/05/2021 4:29:29	150.0	1.9	185.0	68.5	94.3	40.6	3.1	45.7	1	28.7	2.7	83.27
6	09/05/2021 4:29:32	150.0	1.9	173.7	38.5	67.6	41.1	4.9	47.9	0	21.8	2.66	82.74
7	09/05/2021 4:29:35	150.0	1.9	186.0	46.4	73.2	35.5	3.1	40.6	0	24.5	2.71	81.85
8	09/05/2021 4:29:38	150.1	2.2	183.1	50.7	78.3	44.2	4.1	50.3	0	25.4	2.2	83.21
9	09/05/2021 4:29:41	149.8	2.2	183.6	59.9	89.7	44.0	3.1	49.1	0	27.6	2.16	82.75
10	09/05/2021 4:29:44	150.1	1.9	182.2	43.8	69.2	39.2	3.9	45.1	0	23.4	2.72	82.38
11	09/05/2021 4:29:47	149.9	2.1	176.2	60.4	89.2	44.2	4.8	51.0	1	26.7	2.24	84.91
12	09/05/2021 4:29:50	150.1	1.7	174.2	58.0	87.2	40.3	4.6	46.9	0	25.6	2.93	84.4
13	09/05/2021 4:29:53	149.9	1.9	183.3	57.9	85.6	37.1	3.0	42.0	0	26.5	2.74	82.4
14	09/05/2021 4:29:56	150.2	2.0	180.2	52.2	81.7	35.2	5.0	42.2	0	25.4	2.57	84.21
15	09/05/2021 4:29:59	150.0	2.4	183.5	39.5	64.6	38.9	5.0	45.9	0	23.1	1.95	82.98
16	09/05/2021 4:30:2	150.0	2.2	182.6	52.6	81.2	44.3	0.9	47.2	1	25.8	2.28	79.81
17	09/05/2021 4:30:5	149.8	2.1	176.9	47.9	77.0	41.6	3.0	46.6	0	24.3	2.29	81.87
18	09/05/2021 4:30:8	150.0	1.7	174.7	46.7	76.1	39.5	4.0	45.6	0	23.5	2.84	82.73
19	09/05/2021 4:30:11	150.1	2.0	180.1	47.1	75.9	37.8	4.8	44.6	0	24.3	2.45	83.57
20	09/05/2021 4:30:14	149.9	2.2	184.9	67.0	95.0	35.6	3.4	41.1	1	28.9	2.18	83.61
21	09/05/2021 4:30:17	150.0	1.6	181.4	52.6	79.4	42.0	2.8	46.8	1	24.9	3.12	81.89
22	09/05/2021 4:30:20	150.0	2.0	182.4	47.2	72.6	41.1	2.8	46.0	0	24.2	2.58	81.62
23	09/05/2021 4:30:23	149.8	2.3	177.0	45.6	70.7	40.8	3.3	46.1	0	23.6	2.09	81.93
24	09/05/2021 4:30:26	150.1	2.0	175.2	44.4	72.5	42.7	4.2	48.9	0	23.2	2.41	82.68
25	09/05/2021 4:30:29	150.0	2.1	174.7	46.3	74.6	35.3	5.6	43.0	0	23.7	2.26	84.23
26	09/05/2021 4:30:32	149.9	1.8	174.5	39.0	65.4	44.6	2.7	49.2	0	21.6	2.8	81.0
27	09/05/2021 4:30:35	150.0	2.1	175.8	57.2	83.0	37.1	2.1	41.1	1	25.7	2.31	81.3
28	09/05/2021 4:30:38	149.9	1.7	180.3	52.9	81.0	39.0	2.3	43.2	1	25.2	2.91	81.33
29	09/05/2021 4:30:41	149.9	1.9	184.3	60.9	89.9	35.8	4.7	42.6	1	27.4	2.71	84.84
30	09/05/2021 4:30:44	150.1	2.2	176.4	48.9	77.4	36.0	2.0	40.0	0	24.4	2.22	80.88
31	09/05/2021 4:30:47	150.1	2.4	185.0	50.5	79.2	38.6	3.1	43.7	0	25.9	1.96	82.08
32	09/05/2021 4:30:50	150.0	2.0	186.2	46.5	74.4	35.4	4.4	41.8	0	24.7	2.57	83.14
33	09/05/2021 4:30:53	150.0	2.2	184.4	53.4	82.6	37.5	4.3	43.9	0	26.2	2.24	83.67
34	09/05/2021 4:30:56	149.9	1.8	182.2	46.7	76.7	39.7	2.1	43.9	0	24.3	2.84	80.93
35	09/05/2021 4:30:59	150.0	2.0	179.1	53.3	82.8	42.6	4.2	48.8	0	25.6	2.45	83.47
36	09/05/2021 4:31:2	149.9	1.8	183.0	51.3	76.8	39.4	2.7	44.2	0	24.9	2.81	81.74
37	09/05/2021 4:31:5	150.1	1.7	185.7	48.2	75.2	42.3	5.9	50.2	0	24.7	2.94	84.73
38	09/05/2021 4:31:8	150.0	2.0	172.7	44.9	74.0	35.0	2.3	39.4	0	23.2	2.42	81.04
39	09/05/2021 4:31:11	150.1	2.0	178.7	39.4	68.0	38.8	2.8	43.6	0	22.6	2.5	81.15
40	09/05/2021 4:31:14	149.9	2.0	181.1	62.5	90.5	38.9	3.5	44.5	1	27.4	2.52	83.46
41	09/05/2021 4:31:17	150.0	2.1	177.9	49.3	74.6	47.5	2.5	52.0	0	24.3	2.33	81.39
42	09/05/2021 4:31:20	150.0	1.9	177.3	51.1	81.0	41.0	3.7	46.7	0	24.9	2.56	82.8
43	09/05/2021 4:31:23	149.9	1.9	179.1	56.2	84.5	33.2	5.6	40.8	0	25.9	2.62	85.41
44	09/05/2021 4:31:26	150.0	2.0	179.7	50.1	77.2	43.8	3.8	49.6	0	24.7	2.44	82.85
45	09/05/2021 4:31:29	150.2	1.9	183.9	49.6	78.7	42.1	3.9	48.0	0	25.2	2.63	82.88
46	09/05/2021 4:31:32	149.9	1.8	177.5	52.4	77.5	42.4	5.5	50.0	0	24.6	2.77	84.88
47	09/05/2021 4:31:35	149.9	2.0	180.1	58.8	85.8	48.3	2.6	52.9	0	26.4	2.54	82.02
48	09/05/2021 4:31:38	150.1	2.0	174.8	47.3	75.5	39.9	3.7	45.6	0	23.8	2.43	82.48
49	09/05/2021 4:31:41	149.9	1.9	178.0	52.5	80.7	40.4	3.8	46.2	0	25.1	2.57	82.96
50	09/05/2021 4:31:44	150.0	2.1	178.8	36.4	63.1	33.4	4.2	39.6	0	22.0	2.3	82.03
51	09/05/2021 4:31:47	150.1	2.1	174.3	47.9	76.2	37.9	3.0	42.8	0	24.0	2.25	81.79
52	09/05/2021 4:31:50	150.1	2.0	176.6	39.8	69.3	43.5	5.2	50.7	0	22.6	2.43	83.11
53	09/05/2021 4:31:53	150.0	2.0	187.8	44.9	73.9	39.5	4.1	45.6	0	24.7	2.59	82.65
54	09/05/2021 4:31:56	149.9	2.0	176.6	55.4	84.0	40.3	5.9	48.1	0	25.6	2.46	85.6
55	09/05/2021 4:31:59	150.0	1.8	183.6	48.3	75.2	37.3	2.3	41.6	0	24.5	2.79	81.11
56	09/05/2021 4:32:2	150.0	2.0	175.0	49.9	78.5	37.1	3.7	42.9	0	24.3	2.48	82.71
57	09/05/2021 4:32:5	150.1	1.9	184.7	46.1	75.8	38.5	2.4	42.9	0	24.6	2.65	81.11
58	09/05/2021 4:32:8	150.1	1.8	171.6	55.0	82.4	41.4	5.3	48.8	0	24.7	2.69	84.95
59	09/05/2021 4:32:11	150.2	2.3	176.5	44.2	70.5	41.4	3.2	46.5	0	23.4	2.07	81.78
60	09/05/2021 4:32:14	149.9	2.1	177.2	48.3	77.0	35.8	3.9	41.7	0	24.3	2.37	82.73
61	09/05/2021 4:32:17	150.0	2.2	182.3	46.9	74.9	44.2	3.9	50.1	0	24.6	2.29	82.67
62	09/05/2021 4:32:20	150.1	1.7	172.9	49.0	75.0	40.9	4.3	47.1	0	23.4	2.82	83.18
63	09/05/2021 4:32:23	150.0	1.9	167.4	51.1	78.4	42.6	3.6	48.3	0	23.6	2.52	82.71
64	09/05/2021 4:32:26	150.2	2.2	182.6	53.7	79.4	43.8	3.9	49.8	0	25.8	2.23	83.24
65	09/05/2021 4:32:29	150.0	1.7	176.4	58.3	85.2	39.5	3.6	45.1	0	25.7	2.85	83.2
66	09/05/2021 4:32:32	149.8	2.1	180.8	50.6	80.3	35.6	2.9	40.5	0	25.3	2.3	81.89
67	09/05/2021 4:32:35	150.0	2.2	184.3	48.5	75.5	42.5	4.9	49.4	0	25.0	2.24	83.75
68	09/05/2021 4:32:38	150.0	2.1	194.4	53.7	82.1	42.1	2.8	47.0	0	27.1	2.53	81.99
69	09/05/2021 4:32:41	150.0	2.0	171.8	50.6	75.6	41.5	3.7	47.1	0	23.8	2.38	82.69
70	09/05/2021 4:32:44	150.0	1.7	178.2	55.2	84.3	42.2	4.8	48.9	0	25.5	2.94	84.29
71	09/05/2021 4:32:47	149.9	2.0	172.2	52.2	78.6	41.1	3.9	46.9	0	24.3	2.38	83.05
72	09/05/2021 4:32:50	149.9	1.9	184.0	43.8	70.5	41.8	4.7	48.6	0	23.7	2.68	83.16
73	09/05/2021 4:32:53	150.1	1.8	178.1	43.4	71.5	43.0	3.1	48.1	0	23.1	2.77	81.61
74	09/05/2021 4:32:56	150.1	2.0	181.5	57.9	86.0	36.9	2.9	41.8	0	26.5	2.57	82.36
75	09/05/2021 4:32:59	149.9	2.3	181.7	52.6	77.8	31.5	4.2	37.7	0	25.5	2.05	83.43
76	09/05/2021 4:33:2	150.1	2.2	176.5	52.8	81.5	38.8	3.2	44.1	0	25.3	2.2	82.41
77	09/05/2021 4:33:5	150.0	2.0	176.6	49.9	77.4	42.4	4.1	48.5	0	24.4	2.46	83.07
78	09/05/2021 4:33:8	149.8	1.9	177.9	46.0	74.7	38.2	3.8	44.1	0	23.7	2.66	82.51
79	09/05/2021 4:33:11	150.3	2.0	170.3	40.9	68.8	40.7	1.9	44.6	0	22.0	2.42	80.47
80	09/05/2021 4:33:14	150.2	2.2	184.8	53.7	82.1	41.3	3.7	47.0	0	26.2	2.32	82.98
81	09/05/2021 4:33:17	150.0	1.8	183.6	55.2	81.9	37.9	4.1	44.0	0	25.9	2.78	83.58
82	09/05/2021 4:33:20	150.0	1.7	180.0	56.1	83.0	37.1	4.9	44.0	0	25.6	2.9	84.51
83	09/05/2021 4:33:23	150.1	2.1	176.1	43.7	70.8	45.6	3.1	50.7	0	23.2	2.31	81.63
84	09/05/2021 4:33:26	149.9	2.0	182.8	44.4	70.0	41.6	1.6	45.3	0	23.7	2.54	80.33
85	09/05/2021 4:33:29	150.1	2.1	185.8	50.7	79.5	39.3	4.0	45.4	0	25.7	2.35	83.11
86	09/05/2021 4:33:32	149.8	1.8	182.1	46.8	75.5	41.4	2.8	46.3	0	24.3	2.75	81.59
87	09/05/2021 4:33:35	150.0	2.1	177.3	48.0	77.7	46.0	3.9	51.9	0	24.4	2.34	82.74
88	09/05/2021 4:33:38	149.9	2.0	164.1	33.9	63.2	37.5	2.3	41.8	0	20.2	2.3	80.46
89	09/05/2021 4:33:41	150.1	2.1	187.3	67.7	92.8	43.3	4.1	49.4	1	28.9	2.45	84.58
90	09/05/2021 4:33:44	150.0	2.0	181.6	42.8	69.9	39.3	4.1	45.4	0	23.4	2.57	82.5
91	09/05/2021 4:33:47	150.0	2.0	191.8	41.0	70.1	42.8	3.4	48.2	0	24.2	2.69	81.73
92	09/05/2021 4:33:50	149.9	2.1	183.5	42.5	69.4	39.2	2.9	44.1	0	23.6	2.43	81.43
93	09/05/2021 4:33:53	150.1	1.8	186.6	54.1	80.2	38.5	4.6	45.1	0	25.9	2.92	83.99
94	09/05/2021 4:33:56	150.0	2.1	174.7	47.5	73.6	37.9	4.4	44.4	0	23.6	2.37	83.21
95	09/05/2021 4:33:59	149.8	1.7	184.3	47.2	75.8	36.7	3.7	42.4	0	24.5	2.93	82.46
96	09/05/2021 4:34:2	150.2	1.7	179.1	51.6	78.7	43.5	4.5	50.1	0	24.7	2.9	83.71
97	09/05/2021 4:34:5	149.9	1.8	175.9	53.4	81.1	45.4	3.5	50.8	0	24.8	2.78	82.69
98	09/05/2021 4:34:8	150.0	1.9	184.3	45.2	74.0	41.5	3.4	46.9	0	24.2	2.74	82.01
99	09/05/2021 4:34:11	150.0	2.1	169.8	45.4	73.2	38.9	6.5	47.4	0	22.9	2.28	84.96
100	09/05/2021 4:34:14	150.0	1.7	177.2	48.9	77.9	39.2	3.0	44.1	0	24.1	2.96	81.88
101	09/05/2021 4:34:17	150.0	2.5	174.7	49.2	76.1	40.5	4.9	47.4	0	24.5	1.7	83.87
102	09/05/2021 4:34:20	149.9	1.9	180.3	56.2	82.8	40.1	3.6	45.7	0	25.8	2.66	83.1
103	09/05/2021 4:34:23	149.8	2.2	176.8	52.2	81.1	40.6	2.7	45.3	0	25.2	2.21	81.76
104	09/05/2021 4:34:26	149.9	1.6	180.4	60.2	86.5	37.2	5.2	44.4	1	26.3	3.05	85.34
105	09/05/2021 4:34:29	149.9	1.8	177.8	41.0	68.7	35.6	3.0	40.6	0	22.6	2.75	81.41
106	09/05/2021 4:34:32	150.0	2.2	180.7	51.2	80.6	41.1	4.3	47.5	0	25.5	2.2	83.47
107	09/05/2021 4:34:35	150.0	2.1	179.7	52.4	79.0	42.4	4.1	48.5	0	25.2	2.32	83.31
108	09/05/2021 4:34:38	150.0	2.1	182.1	49.8	75.2	37.4	2.7	42.0	0	24.8	2.31	81.59
109	09/05/2021 4:34:41	149.9	1.8	178.8	48.9	75.0	40.7	4.5	47.2	0	24.1	2.79	83.4
110	09/05/2021 4:34:44	149.8	1.8	178.8	46.7	74.4	40.4	2.9	45.4	0	23.8	2.74	81.7
111	09/05/2021 4:34:47	150.2	2.3	177.2	51.9	81.0	40.8	5.0	47.8	0	25.3	1.99	84.25
112	09/05/2021 4:34:50	150.0	2.1	169.5	44.4	72.3	32.5	4.0	38.4	0	22.8	2.2	82.51
113	09/05/2021 4:34:53	149.9	1.9	174.2	36.9	65.2	41.3	4.7	48.0	0	21.6	2.57	82.44
114	09/05/2021 4:34:56	150.0	1.7	180.9	54.3	80.0	44.5	5.2	51.7	0	25.2	2.96	84.7
115	09/05/2021 4:34:59	150.1	2.0	180.6	50.5	76.5	42.8	5.3	50.1	0	24.7	2.52	84.44
116	09/05/2021 4:35:2	150.1	1.9	182.4	49.5	78.8	37.3	5.0	44.3	0	25.0	2.63	84.03
117	09/05/2021 4:35:5	150.1	1.9	184.6	52.4	81.4	38.4	3.9	44.3	0	25.8	2.65	83.08
118	09/05/2021 4:35:8	150.1	1.9	187.8	52.1	81.3	43.0	4.4	49.4	0	26.0	2.78	83.57
119	09/05/2021 4:35:11	149.8	1.5	183.5	46.0	74.6	43.1	5.4	50.5	0	23.9	3.28	84.02
120	09/05/2021 4:35:14	150.0	1.9	175.7	47.2	75.3	40.9	3.7	46.6	0	23.8	2.53	82.5
121	09/05/2021 4:35:17	150.2	1.8	180.7	54.9	82.0	43.4	4.8	50.2	0	25.6	2.82	84.32
122	09/05/2021 4:35:20	150.2	2.0	175.8	51.5	80.4	43.8	4.3	50.1	0	24.8	2.43	83.41
123	09/05/2021 4:35:23	149.9	1.7	180.5	47.6	75.9	36.7	2.2	40.9	0	24.1	2.99	81.07
124	09/05/2021 4:35:26	150.0	1.8	173.2	51.8	81.6	41.7	2.3	46.0	1	24.5	2.71	81.35
125	09/05/2021 4:35:29	149.9	2.0	186.9	51.6	76.7	33.6	5.2	40.9	0	25.5	2.56	84.46
126	09/05/2021 4:35:32	150.3	2.0	183.2	49.5	76.9	40.9	2.8	45.7	0	25.0	2.54	81.73
127	09/05/2021 4:35:35	150.1	2.0	183.8	47.3	77.2	39.0	5.1	46.1	0	24.9	2.47	83.82
128	09/05/2021 4:35:38	150.0	1.9	184.3	51.2	79.9	41.3	2.3	45.7	1	25.5	2.63	81.3
129	09/05/2021 4:35:41	150.2	1.9	178.0	50.4	76.9	33.5	2.5	38.0	0	24.5	2.58	81.42
130	09/05/2021 4:35:44	150.0	1.6	178.2	52.0	78.3	39.6	3.2	44.8	0	24.5	3.07	82.27
131	09/05/2021 4:35:47	149.8	2.0	179.1	47.0	72.4	38.6	4.8	45.4	0	23.9	2.48	83.52
132	09/05/2021 4:35:50	150.2	1.9	175.3	62.3	89.7	38.4	3.5	43.9	1	26.6	2.62	83.38
133	09/05/2021 4:35:53	150.0	2.1	178.8	47.8	77.4	39.3	3.3	44.7	0	24.5	2.36	82.15
134	09/05/2021 4:35:56	149.9	1.7	175.4	45.3	73.4	39.6	4.5	46.0	0	23.1	2.94	83.07
135	09/05/2021 4:35:59	150.1	1.8	171.7	48.0	74.9	37.9	4.4	44.3	0	23.3	2.69	83.21
136	09/05/2021 4:36:2	149.9	2.1	179.1	40.4	66.5	42.6	4.9	49.5	0	22.7	2.29	82.97
137	09/05/2021 4:36:5	150.0	2.0	183.1	51.9	80.9	40.1	4.3	46.4	0	25.6	2.57	83.46
138	09/05/2021 4:36:8	149.9	2.2	179.8	54.2	82.9	35.4	1.8	39.2	1	25.9	2.23	80.84
139	09/05/2021 4:36:11	150.1	2.0	171.9	39.0	65.3	35.2	3.9	41.1	0	21.6	2.42	82.03
140	09/05/2021 4:36:14	149.8	1.7	179.5	42.9	68.5	43.2	3.7	48.8	0	22.8	2.95	82.11
141	09/05/2021 4:36:17	149.9	2.0	185.9	56.2	81.9	40.2	3.4	45.6	0	26.4	2.62	82.85
142	09/05/2021 4:36:20	150.0	1.9	175.3	42.9	68.9	38.4	3.7	44.0	0	22.6	2.64	82.12
143	09/05/2021 4:36:23	150.1	2.2	181.4	62.9	89.2	41.1	3.8	46.8	1	27.5	2.28	83.75
144	09/05/2021 4:36:26	150.0	2.0	175.1	51.2	77.7	47.1	5.5	54.6	0	24.4	2.38	84.74
145	09/05/2021 4:36:29	149.9	1.7	175.1	44.0	71.1	38.2	3.2	43.5	0	22.8	2.84	81.81
146	09/05/2021 4:36:32	149.9	2.2	176.7	43.6	71.7	37.1	3.2	42.3	0	23.4	2.19	81.73
147	09/05/2021 4:36:35	150.0	1.9	182.2	60.2	89.0	35.1	2.2	39.3	1	27.0	2.7	81.63
148	09/05/2021 4:36:38	150.0	2.1	179.8	39.9	69.0	43.6	3.7	49.3	0	23.0	2.36	81.92
149	09/05/2021 4:36:41	149.8	1.8	183.6	58.4	86.0	42.7	2.7	47.4	1	26.6	2.82	82.14
150	09/05/2021 4:36:44	149.9	2.1	185.9	45.0	71.3	36.5	4.7	43.1	0	24.3	2.48	83.22
151	09/05/2021 4:36:47	150.1	1.8	174.8	58.9	84.7	44.9	2.1	49.0	1	25.7	2.69	81.42
152	09/05/2021 4:36:50	149.9	2.5	174.9	47.1	75.8	39.7	3.0	44.6	0	24.3	1.68	81.76
153	09/05/2021 4:36:53	150.1	2.0	189.0	51.9	77.2	39.7	4.4	46.2	0	25.9	2.52	83.63
154	09/05/2021 4:36:56	149.8	2.0	176.5	46.3	72.5	39.7	1.8	43.5	0	23.6	2.4	80.58
155	09/05/2021 4:36:59	149.9	2.1	182.2	59.8	85.9	44.9	5.8	52.7	0	26.9	2.34	86.11
156	09/05/2021 4:37:2	150.0	2.1	174.5	48.0	76.9	35.1	3.5	40.6	0	24.0	2.34	82.36
157	09/05/2021 4:37:5	150.0	2.0	176.5	49.5	78.2	40.6	5.5	48.1	0	24.4	2.49	84.51
158	09/05/2021 4:37:8	149.9	2.2	174.1	51.6	79.1	33.5	3.7	39.1	0	24.7	2.17	82.81
159	09/05/2021 4:37:11	150.0	2.1	178.7	41.8	70.4	39.9	4.7	46.6	0	23.1	2.39	82.93
160	09/05/2021 4:37:14	150.0	2.1	175.2	51.9	81.8	45.7	4.1	51.8	0	25.0	2.33	83.28
161	09/05/2021 4:37:17	149.9	1.8	176.6	52.2	79.7	40.0	3.6	45.7	0	24.6	2.83	82.79
162	09/05/2021 4:37:20	150.0	2.0	183.2	38.8	68.4	41.9	5.2	49.1	0	23.0	2.53	83.07
163	09/05/2021 4:37:23	150.0	1.9	181.0	61.1	89.3	38.4	4.0	44.3	1	27.1	2.61	83.88
164	09/05/2021 4:37:26	149.9	2.0	176.4	52.0	81.2	40.4	3.5	45.8	0	24.9	2.53	82.59
165	09/05/2021 4:37:29	150.1	1.9	173.3	55.2	82.8	39.1	3.1	44.1	0	25.0	2.59	82.37
166	09/05/2021 4:37:32	149.9	2.1	177.2	48.6	74.3	38.4	3.3	43.8	0	24.1	2.36	82.18
167	09/05/2021 4:37:35	150.1	2.0	177.8	57.6	87.3	41.1	4.6	47.7	0	26.3	2.5	84.36
168	09/05/2021 4:37:38	150.3	2.0	177.6	43.6	68.7	42.3	2.5	46.8	0	22.9	2.54	81.09
169	09/05/2021 4:37:41	150.2	1.6	182.1	60.3	86.6	40.8	3.6	46.4	1	26.5	3.11	83.32
170	09/05/2021 4:37:44	150.1	2.3	179.1	57.7	87.3	39.2	4.4	45.6	0	26.7	2.12	84.07
171	09/05/2021 4:37:47	150.1	1.9	183.1	40.2	69.4	37.6	4.8	44.4	0	23.2	2.68	82.84
172	09/05/2021 4:37:50	150.1	2.1	173.7	58.1	85.6	36.7	3.6	42.3	0	25.8	2.31	83.16
173	09/05/2021 4:37:53	149.8	1.8	179.9	39.8	69.6	38.0	2.8	42.8	0	22.8	2.74	81.2
174	09/05/2021 4:37:56	150.0	2.4	175.4	59.3	87.6	37.2	4.9	44.1	0	26.6	1.85	84.84
175	09/05/2021 4:37:59	150.1	2.3	175.5	40.4	67.4	42.0	4.9	48.9	0	22.6	2.05	82.98
176	09/05/2021 4:38:2	150.0	1.9	180.8	47.7	74.7	40.2	4.7	46.8	0	24.2	2.64	83.47
177	09/05/2021 4:38:5	149.9	1.9	183.1	60.1	87.7	36.9	4.7	43.6	1	27.0	2.71	84.71
178	09/05/2021 4:38:8	150.0	2.1	181.4	38.9	68.7	41.5	4.4	47.9	0	23.0	2.3	82.37
179	09/05/2021 4:38:11	150.0	2.2	173.8	45.5	73.9	39.8	3.2	45.1	0	23.5	2.2	81.87
180	09/05/2021 4:38:14	150.2	2.1	178.2	54.5	82.2	43.6	4.9	50.5	0	25.6	2.34	84.4
181	09/05/2021 4:38:17	150.0	2.0	178.9	54.3	83.4	41.9	3.5	47.3	0	25.7	2.49	82.78
182	09/05/2021 4:38:20	149.8	1.8	189.3	35.3	63.4	41.8	4.1	47.9	0	22.7	2.82	81.86
183	09/05/2021 4:38:23	150.2	2.0	179.0	47.6	76.7	43.2	4.1	49.3	0	24.3	2.54	82.9
184	09/05/2021 4:38:26	150.1	2.3	182.3	40.8	69.0	42.8	4.5	49.3	0	23.5	2.07	82.68
185	09/05/2021 4:38:29	150.1	1.7	184.6	48.5	76.0	41.9	3.6	47.5	0	24.6	3.0	82.43
186	09/05/2021 4:38:32	149.9	1.9	175.8	58.2	87.0	38.3	4.4	44.7	0	26.0	2.58	84.14
187	09/05/2021 4:38:35	150.1	2.0	178.5	44.7	74.3	33.1	4.6	39.7	0	23.8	2.42	83.1
188	09/05/2021 4:38:38	150.0	2.5	178.0	52.7	78.4	43.3	4.1	49.4	0	25.4	1.75	83.39
189	09/05/2021 4:38:41	150.2	2.2	170.2	50.5	75.7	36.4	3.7	42.2	0	23.8	2.17	82.78
190	09/05/2021 4:38:44	149.9	2.0	175.9	53.4	79.4	39.8	5.8	47.6	0	24.8	2.53	85.28
191	09/05/2021 4:38:47	150.2	1.9	176.7	53.4	80.1	38.1	4.3	44.4	0	24.9	2.66	83.58
192	09/05/2021 4:38:50	149.9	2.4	183.3	48.6	77.0	40.2	3.3	45.5	0	25.3	1.89	82.18
193	09/05/2021 4:38:53	149.9	2.0	172.5	63.7	92.3	42.5	3.4	47.9	1	26.9	2.41	83.36
194	09/05/2021 4:38:56	150.0	2.2	181.8	37.3	66.2	43.4	5.3	50.6	0	22.7	2.2	82.92
195	09/05/2021 4:38:59	150.0	2.0	172.6	55.9	84.6	34.9	5.8	42.7	0	25.3	2.38	85.55
196	09/05/2021 4:39:2	150.0	1.8	183.2	59.1	84.9	39.4	3.9	45.3	0	26.5	2.78	83.67
197	09/05/2021 4:39:5	150.2	2.3	176.2	55.4	82.8	39.7	2.4	44.1	0	25.8	1.96	81.57
198	09/05/2021 4:39:8	150.0	1.8	181.8	38.8	67.2	42.2	4.0	48.2	0	22.6	2.85	82.03
199	09/05/2021 4:39:11	149.8	2.1	178.3	56.3	82.4	40.0	4.1	46.0	0	25.8	2.32	83.59
200	09/05/2021 4:39:14	150.0	2.0	178.4	65.6	93.1	41.1	5.2	48.3	1	27.8	2.41	85.91
201	09/05/2021 4:39:17	150.1	1.7	183.5	61.0	89.0	44.0	5.1	51.1	1	27.1	2.95	85.36
202	09/05/2021 4:39:20	150.0	2.3	180.0	39.7	68.0	41.8	3.7	47.5	0	23.1	2.03	81.9
203	09/05/2021 4:39:23	150.0	1.9	177.5	59.0	84.5	40.2	5.1	47.3	0	26.0	2.68	85.05
204	09/05/2021 4:39:26	149.9	2.1	177.2	44.8	74.0	41.4	2.4	45.8	0	23.7	2.32	81.06
205	09/05/2021 4:39:29	149.9	1.7	178.2	55.8	81.0	37.2	2.7	41.8	1	25.2	3.0	81.94
206	09/05/2021 4:39:32	150.0	2.0	176.0	52.3	78.7	41.1	4.6	47.6	0	24.7	2.4	83.79
207	09/05/2021 4:39:35	149.8	2.0	185.2	45.6	73.7	32.9	3.7	38.6	0	24.4	2.56	82.34
208	09/05/2021 4:39:38	150.0	2.2	176.6	39.8	65.1	40.1	5.7	47.8	0	22.3	2.23	83.56
209	09/05/2021 4:39:41	149.9	2.1	169.0	47.5	74.2	39.4	4.2	45.7	0	23.2	2.22	83.01
210	09/05/2021 4:39:44	150.0	2.1	178.9	42.7	69.0	40.7	4.3	47.0	0	23.2	2.28	82.68
211	09/05/2021 4:39:47	150.0	2.2	183.8	54.2	82.1	39.8	4.1	45.9	0	26.2	2.24	83.49
212	09/05/2021 4:39:50	150.0	2.1	184.5	47.0	76.5	40.2	3.2	45.5	0	24.9	2.44	82.01
213	09/05/2021 4:39:53	149.9	2.1	181.4	52.9	80.2	38.0	2.0	42.0	1	25.5	2.41	81.06
214	09/05/2021 4:39:56	149.9	2.3	180.1	52.2	81.8	45.3	6.3	53.6	0	25.7	2.07	85.68
215	09/05/2021 4:39:59	150.0	1.3	180.9	63.1	89.4	44.6	4.1	50.6	1	26.7	3.52	84.16
216	09/05/2021 4:40:2	150.0	2.1	182.2	45.7	75.4	42.9	2.8	47.8	0	24.5	2.33	81.53
217	09/05/2021 4:40:5	150.1	1.9	183.8	46.9	75.2	45.3	3.7	51.0	0	24.5	2.69	82.44
218	09/05/2021 4:40:8	149.9	2.2	180.3	30.2	59.6	36.9	3.3	42.2	0	21.2	2.24	80.91
219	09/05/2021 4:40:11	150.0	2.0	181.6	37.9	66.7	37.8	1.8	41.6	0	22.6	2.58	80.27
220	09/05/2021 4:40:14	150.1	1.9	185.4	37.0	66.8	37.0	3.5	42.5	0	22.8	2.71	81.53
221	09/05/2021 4:40:17	150.1	2.2	182.2	47.7	74.5	40.2	4.7	46.9	0	24.6	2.21	83.48
222	09/05/2021 4:40:20	150.1	1.8	180.5	55.4	84.4	35.3	3.3	40.6	0	25.8	2.84	82.64
223	09/05/2021 4:40:23	150.0	2.1	179.5	43.9	71.3	40.3	5.7	48.0	0	23.5	2.4	84.09
224	09/05/2021 4:40:26	149.9	1.9	175.5	35.2	63.2	39.3	2.4	43.7	0	21.3	2.63	80.62
225	09/05/2021 4:40:29	150.0	2.2	178.7	51.3	76.5	41.8	4.6	48.4	0	24.8	2.23	83.71
226	09/05/2021 4:40:32	149.9	2.2	184.0	41.1	70.6	36.1	2.8	40.9	0	23.8	2.27	81.22
227	09/05/2021 4:40:35	149.9	1.8	180.8	52.0	79.6	36.0	4.8	42.8	0	25.0	2.83	84.01
228	09/05/2021 4:40:38	150.1	2.4	180.6	55.1	81.2	43.0	2.8	47.8	0	26.1	1.95	82.06
229	09/05/2021 4:40:41	150.0	1.7	181.3	56.1	84.4	39.5	5.2	46.7	0	25.9	2.95	84.86
230	09/05/2021 4:40:44	149.9	2.2	182.1	49.3	75.5	35.9	3.9	41.7	0	24.9	2.18	82.79
231	09/05/2021 4:40:47	150.0	2.1	179.6	46.6	73.7	37.8	4.2	44.1	0	24.1	2.27	82.94
232	09/05/2021 4:40:50	150.0	2.0	179.8	48.7	77.8	43.4	1.9	47.4	0	24.6	2.56	80.81
233	09/05/2021 4:40:53	150.0	2.2	178.2	44.2	72.8	46.6	3.4	52.0	0	23.7	2.17	81.93
234	09/05/2021 4:40:56	149.9	1.9	181.1	47.4	76.3	39.8	2.8	44.6	0	24.4	2.66	81.6
235	09/05/2021 4:40:59	150.0	2.0	178.6	41.1	68.0	40.4	4.0	46.5	0	22.8	2.48	82.3
236	09/05/2021 4:41:2	150.1	2.0	182.6	53.8	83.1	41.5	3.9	47.4	0	26.0	2.45	83.18
237	09/05/2021 4:41:5	149.9	2.2	175.2	42.3	71.8	37.6	2.7	42.4	0	23.1	2.18	81.24
238	09/05/2021 4:41:8	150.1	2.3	185.8	56.8	84.0	42.3	3.6	47.9	0	26.9	2.13	83.07
239	09/05/2021 4:41:11	150.0	1.9	174.3	49.3	75.4	38.9	4.3	45.2	0	23.8	2.56	83.28
240	09/05/2021 4:41:14	150.0	2.3	175.4	44.5	74.4	42.6	2.9	47.5	0	23.7	1.97	81.49
241	09/05/2021 4:41:17	149.9	1.7	169.8	61.8	88.2	45.3	3.9	51.2	1	25.7	2.84	83.81
242	09/05/2021 4:41:20	150.0	2.1	181.4	56.9	83.5	42.6	4.0	48.6	0	26.3	2.37	83.58
243	09/05/2021 4:41:23	149.9	1.9	182.3	70.7	99.1	36.8	3.8	42.6	1	29.1	2.71	84.42
244	09/05/2021 4:41:26	150.0	1.8	175.1	54.2	80.0	40.1	3.9	46.0	0	24.7	2.74	83.25
245	09/05/2021 4:41:29	150.0	2.0	187.6	49.6	78.0	40.0	4.1	46.1	0	25.5	2.56	83.03
246	09/05/2021 4:41:32	149.9	2.0	170.7	47.7	77.0	39.8	3.0	44.8	0	23.6	2.39	81.85
247	09/05/2021 4:41:35	150.1	2.1	188.4	44.5	71.2	46.3	4.8	53.1	0	24.5	2.48	83.31
248	09/05/2021 4:41:38	150.0	2.0	174.1	51.9	78.8	42.5	4.1	48.6	0	24.5	2.47	83.27
249	09/05/2021 4:41:41	149.9	1.9	176.4	48.0	76.6	31.3	3.4	36.7	0	24.0	2.58	82.25
250	09/05/2021 4:41:44	150.0	1.6	190.4	48.4	76.1	38.1	4.0	44.1	0	25.1	3.15	82.84
251	09/05/2021 4:41:47	149.9	2.0	177.3	48.7	74.2	41.6	4.5	48.1	0	24.0	2.53	83.44
252	09/05/2021 4:41:50	150.0	2.0	186.8	56.9	84.9	43.1	4.6	49.8	0	26.9	2.57	84.3
253	09/05/2021 4:41:53	149.9	1.8	184.4	41.3	71.0	42.1	5.2	49.3	0	23.5	2.85	83.33
254	09/05/2021 4:41:56	150.1	1.9	180.1	39.1	64.2	39.5	4.0	45.5	0	22.3	2.6	82.12
255	09/05/2021 4:41:59	150.2	2.3	176.8	55.7	83.2	40.7	3.2	45.8	0	25.9	1.95	82.51
256	09/05/2021 4:42:2	150.0	1.9	177.8	51.3	77.8	39.8	5.2	47.1	0	24.5	2.7	84.42
257	09/05/2021 4:42:5	149.9	2.1	178.0	57.7	84.6	43.5	2.5	48.0	0	26.1	2.4	81.85
258	09/05/2021 4:42:8	150.0	2.2	170.8	43.9	72.3	42.4	4.6	48.9	0	22.9	2.13	83.0
259	09/05/2021 4:42:11	149.8	1.9	173.9	58.4	88.1	40.3	4.3	46.6	0	25.9	2.62	84.09
260	09/05/2021 4:42:14	150.0	2.1	178.3	37.3	66.7	35.6	5.9	43.4	0	22.3	2.37	83.38
261	09/05/2021 4:42:17	150.2	2.2	172.1	48.8	77.4	51.8	2.4	56.2	0	24.0	2.11	81.3
262	09/05/2021 4:42:20	149.9	1.9	178.7	65.3	94.7	44.1	4.3	50.3	1	27.7	2.69	84.66
263	09/05/2021 4:42:23	149.7	2.0	188.7	48.3	73.6	37.8	5.5	45.3	0	25.0	2.65	84.34
264	09/05/2021 4:42:26	150.0	2.2	184.1	54.6	83.9	41.7	4.3	48.0	0	26.4	2.26	83.74
265	09/05/2021 4:42:29	150.0	2.2	188.3	45.0	70.6	39.7	2.1	43.8	0	24.6	2.23	80.83
266	09/05/2021 4:42:32	150.0	1.9	176.1	45.2	70.6	44.7	4.0	50.7	0	23.1	2.65	82.57
267	09/05/2021 4:42:35	150.0	2.1	190.0	45.5	74.8	42.3	4.6	48.9	0	25.1	2.42	83.23
268	09/05/2021 4:42:38	149.9	2.0	169.7	50.7	79.5	45.1	4.5	51.6	0	24.0	2.38	83.6
269	09/05/2021 4:42:41	149.9	1.6	184.4	49.9	78.8	42.4	3.3	47.7	0	25.0	3.07	82.29
270	09/05/2021 4:42:44	150.2	2.0	179.1	45.3	71.1	40.2	4.3	46.5	0	23.6	2.44	82.88
271	09/05/2021 4:42:47	150.1	2.1	179.7	56.3	82.9	40.7	4.7	47.4	0	26.0	2.29	84.36
272	09/05/2021 4:42:50	150.0	2.0	181.4	58.0	87.3	38.1	2.8	42.9	0	26.7	2.53	82.17
273	09/05/2021 4:42:53	150.0	2.3	177.6	51.6	79.5	37.4	5.3	44.7	0	25.1	2.1	84.49
274	09/05/2021 4:42:56	150.1	1.8	172.4	67.3	96.8	32.1	2.6	36.7	1	27.4	2.74	82.54
275	09/05/2021 4:42:59	150.0	1.7	184.3	53.0	80.4	43.3	3.9	49.2	0	25.5	3.0	83.17
276	09/05/2021 4:43:2	150.0	1.7	177.9	59.1	85.4	36.6	3.6	42.2	0	26.0	2.9	83.31
277	09/05/2021 4:43:5	149.9	2.1	181.3	56.0	82.1	39.0	5.1	46.1	0	26.1	2.31	84.82
278	09/05/2021 4:43:8	150.1	1.9	187.5	46.7	73.5	41.8	4.6	48.5	0	24.6	2.78	83.35
279	09/05/2021 4:43:11	150.0	1.7	186.7	44.0	71.3	36.0	4.3	42.3	0	23.9	2.96	82.76
280	09/05/2021 4:43:14	149.9	2.0	177.6	53.5	83.4	41.3	4.5	47.8	0	25.5	2.44	83.82
281	09/05/2021 4:43:17	149.9	1.9	178.8	49.7	75.6	35.5	5.7	43.2	0	24.4	2.57	84.74
282	09/05/2021 4:43:20	149.9	1.8	175.7	42.3	67.5	39.7	4.0	45.7	0	22.4	2.71	82.38
283	09/05/2021 4:43:23	150.2	1.7	179.7	61.4	90.6	34.3	2.9	39.2	1	26.9	2.96	82.55
284	09/05/2021 4:43:26	149.8	1.9	179.4	49.6	78.7	39.0	4.4	45.4	0	24.7	2.61	83.33
285	09/05/2021 4:43:29	150.0	1.7	180.3	53.3	78.4	39.8	5.8	47.6	0	24.9	3.01	85.21
286	09/05/2021 4:43:32	150.1	2.1	183.2	46.3	72.3	41.1	3.5	46.7	0	24.3	2.39	82.22
287	09/05/2021 4:43:35	150.1	1.6	189.2	55.7	81.9	43.2	4.0	49.2	0	26.3	3.21	83.49
288	09/05/2021 4:43:38	150.1	2.0	177.1	49.9	75.8	37.6	2.1	41.8	0	24.2	2.52	81.07
289	09/05/2021 4:43:41	150.0	2.1	187.0	49.9	79.0	35.9	3.2	41.1	0	25.7	2.41	82.11
290	09/05/2021 4:43:44	150.0	1.9	183.4	42.7	71.7	43.8	3.7	49.4	0	23.7	2.63	82.12
291	09/05/2021 4:43:47	150.0	1.7	183.0	61.9	87.5	37.1	5.5	44.6	1	27.0	2.92	85.88
292	09/05/2021 4:43:50	149.8	1.7	174.7	44.1	74.0	40.7	1.8	44.5	0	23.0	2.83	80.49
293	09/05/2021 4:43:53	149.9	2.2	190.3	50.2	79.1	37.7	4.0	43.8	0	26.1	2.37	83.02
294	09/05/2021 4:43:56	150.1	2.1	184.4	54.0	83.3	39.8	2.2	43.9	1	26.3	2.36	81.28
295	09/05/2021 4:43:59	150.2	1.9	178.6	40.7	70.7	38.8	3.4	44.2	0	22.9	2.63	81.72
296	09/05/2021 4:44:2	149.9	1.6	181.1	58.2	83.6	38.1	3.9	44.0	0	25.9	3.04	83.54
297	09/05/2021 4:44:5	150.1	2.0	184.1	39.4	68.1	38.9	4.0	44.9	0	23.2	2.53	82.08
298	09/05/2021 4:44:8	150.1	2.1	184.3	52.7	82.2	35.8	5.7	43.5	0	26.0	2.39	85.09
299	09/05/2021 4:44:11	149.9	2.0	178.1	56.2	82.2	40.1	4.3	46.5	0	25.7	2.46	83.87
300	09/05/2021 4:44:14	149.8	2.3	175.5	54.5	84.1	33.1	4.8	39.8	0	25.7	1.98	84.23
301	09/05/2021 4:44:17	150.0	1.8	174.7	49.9	77.9	34.4	3.3	39.6	0	24.0	2.76	82.23
302	09/05/2021 4:44:20	150.1	1.7	185.0	56.8	82.6	35.8	2.4	40.2	1	26.2	2.96	81.73
303	09/05/2021 4:44:23	149.9	1.9	185.3	48.3	75.4	42.3	3.3	47.6	0	24.8	2.66	82.17
304	09/05/2021 4:44:26	150.0	2.0	184.0	47.8	77.0	37.4	2.0	41.5	0	24.9	2.51	80.88
305	09/05/2021 4:44:29	150.2	2.3	190.1	59.2	86.2	38.4	5.2	45.6	0	27.8	2.17	85.29
306	09/05/2021 4:44:32	149.9	2.0	180.7	42.7	67.9	41.0	4.0	47.0	0	23.1	2.54	82.43
307	09/05/2021 4:44:35	149.9	2.1	178.4	58.6	88.3	44.6	5.3	52.0	0	26.6	2.3	85.32
308	09/05/2021 4:44:38	150.0	1.8	189.5	47.4	73.5	42.9	2.5	47.4	0	24.9	2.82	81.33
309	09/05/2021 4:44:41	150.1	2.1	181.2	56.6	84.7	40.2	4.4	46.6	0	26.3	2.36	84.03
310	09/05/2021 4:44:44	150.0	1.9	178.2	51.2	78.3	42.4	4.6	49.0	0	24.7	2.56	83.72
311	09/05/2021 4:44:47	149.9	2.2	181.0	42.0	69.6	42.4	4.2	48.6	0	23.5	2.18	82.5
312	09/05/2021 4:44:50	150.0	2.3	177.5	65.5	92.4	42.0	4.5	48.5	1	27.9	2.0	84.99
313	09/05/2021 4:44:53	150.1	2.2	181.0	49.4	76.5	41.1	4.5	47.6	0	24.9	2.16	83.5
314	09/05/2021 4:44:56	150.1	2.2	179.4	65.5	91.4	40.6	3.8	46.4	1	27.9	2.15	84.04
315	09/05/2021 4:44:59	149.9	1.9	187.6	43.9	71.9	42.7	4.5	49.2	0	24.2	2.71	82.99
316	09/05/2021 4:45:2	150.1	2.2	167.7	42.4	68.0	40.1	4.4	46.5	0	22.0	2.15	82.74
317	09/05/2021 4:45:5	150.1	2.1	183.3	48.6	76.3	44.3	3.7	50.0	0	24.9	2.34	82.58
318	09/05/2021 4:45:8	150.0	2.2	186.4	49.3	75.1	37.9	5.5	45.5	0	25.3	2.3	84.51
319	09/05/2021 4:45:11	150.0	2.1	173.9	38.9	68.7	43.4	2.6	48.0	0	22.2	2.32	80.96
320	09/05/2021 4:45:14	150.0	2.2	181.9	55.4	83.4	41.3	4.7	48.0	0	26.3	2.21	84.26
321	09/05/2021 4:45:17	149.9	2.3	181.3	45.3	72.5	37.7	4.3	44.0	0	24.2	2.12	82.89
322	09/05/2021 4:45:20	150.2	2.1	179.1	50.9	76.2	41.6	4.6	48.1	0	24.7	2.36	83.67
323	09/05/2021 4:45:23	149.9	2.1	175.0	46.3	71.8	42.8	4.8	49.6	0	23.4	2.34	83.48
324	09/05/2021 4:45:26	150.1	2.1	183.6	48.3	75.1	38.3	4.0	44.4	0	24.8	2.37	82.9
325	09/05/2021 4:45:29	150.1	2.0	172.1	51.0	77.9	37.7	6.1	45.8	0	24.1	2.41	85.27
326	09/05/2021 4:45:32	149.9	1.8	177.0	48.5	74.3	43.9	4.4	50.3	0	23.8	2.79	83.31
327	09/05/2021 4:45:35	150.1	2.0	167.9	50.6	79.3	40.9	4.4	47.3	0	23.8	2.34	83.48
328	09/05/2021 4:45:38	149.9	1.9	178.7	42.4	69.9	42.3	3.5	47.7	0	23.0	2.64	81.91
329	09/05/2021 4:45:41	150.0	2.1	185.4	67.4	96.9	41.3	3.1	46.4	1	29.1	2.42	83.2
330	09/05/2021 4:45:44	149.9	1.6	169.9	62.7	92.1	40.2	2.3	44.5	1	26.1	2.93	81.9
331	09/05/2021 4:45:47	149.9	1.9	176.0	43.3	71.0	36.5	4.2	42.7	0	23.0	2.56	82.63
332	09/05/2021 4:45:50	149.9	2.0	185.5	48.2	77.5	41.3	3.6	46.9	0	25.2	2.48	82.46
333	09/05/2021 4:45:53	150.1	1.8	174.1	41.9	68.1	38.4	1.9	42.4	0	22.3	2.67	80.54
334	09/05/2021 4:45:56	150.0	2.1	175.1	37.7	62.8	40.9	5.7	48.7	0	21.7	2.31	83.32
335	09/05/2021 4:45:59	149.9	2.0	179.5	45.9	75.4	41.9	4.4	48.4	0	24.0	2.56	83.08
336	09/05/2021 4:46:2	150.1	2.2	184.7	46.0	72.7	45.3	4.1	51.4	0	24.5	2.32	82.77
337	09/05/2021 4:46:5	149.9	2.1	185.6	59.4	85.3	40.6	4.3	46.9	0	27.1	2.47	84.14
338	09/05/2021 4:46:8	149.9	2.3	167.3	59.6	88.2	38.1	3.5	43.6	0	25.8	1.99	83.21
339	09/05/2021 4:46:11	150.1	2.3	175.9	47.3	75.5	40.9	1.7	44.6	0	24.1	2.05	80.53
340	09/05/2021 4:46:14	149.9	2.1	182.6	53.4	82.7	34.8	4.8	41.6	0	26.0	2.36	84.13
341	09/05/2021 4:46:17	150.0	1.6	172.3	46.5	74.4	42.1	6.1	50.3	0	22.9	3.04	84.77
342	09/05/2021 4:46:20	150.1	1.8	178.3	56.9	82.8	38.3	3.8	44.1	0	25.6	2.75	83.37
343	09/05/2021 4:46:23	150.0	1.9	165.2	44.4	72.3	39.4	5.1	46.4	0	22.0	2.56	83.51
344	09/05/2021 4:46:26	150.2	2.0	182.2	41.7	69.0	41.1	3.2	46.2	0	23.3	2.58	81.59
345	09/05/2021 4:46:29	150.1	2.2	182.8	51.8	77.4	41.5	3.5	47.0	0	25.4	2.16	82.63
346	09/05/2021 4:46:32	150.1	2.1	183.3	45.9	74.7	36.2	3.4	41.7	0	24.5	2.44	82.13
347	09/05/2021 4:46:35	150.1	1.8	185.7	49.6	77.5	39.7	4.6	46.4	0	25.1	2.89	83.61
348	09/05/2021 4:46:38	149.9	1.9	185.1	54.3	80.3	40.3	4.7	47.0	0	25.9	2.68	84.14
349	09/05/2021 4:46:41	150.0	2.1	192.1	57.6	86.5	33.4	3.0	38.4	0	27.7	2.52	82.4
350	09/05/2021 4:46:44	150.0	2.2	180.8	51.8	81.7	40.1	3.4	45.5	0	25.7	2.18	82.48
351	09/05/2021 4:46:47	150.0	2.1	184.7	52.4	80.6	39.7	4.5	46.2	0	25.9	2.42	83.72
352	09/05/2021 4:46:50	150.1	2.0	173.6	51.7	78.3	41.8	3.3	47.1	0	24.3	2.5	82.4
353	09/05/2021 4:46:53	149.8	1.9	176.2	46.7	72.5	37.3	5.6	44.8	0	23.4	2.64	84.25
354	09/05/2021 4:46:56	149.9	2.0	180.4	53.9	83.3	41.9	1.1	45.0	1	25.7	2.52	80.06
355	09/05/2021 4:46:59	149.9	1.8	192.0	40.5	68.5	45.1	2.8	49.9	0	23.9	2.93	81.24
356	09/05/2021 4:47:2	150.0	1.8	168.0	53.2	79.9	43.2	3.5	48.7	0	23.9	2.63	82.69
357	09/05/2021 4:47:5	149.9	2.3	177.3	48.0	75.0	35.6	4.6	42.2	0	24.3	2.06	83.44
358	09/05/2021 4:47:8	150.0	1.8	178.4	54.1	79.8	43.7	1.6	47.3	1	25.1	2.73	80.67
359	09/05/2021 4:47:11	149.9	1.8	179.7	49.9	75.1	38.6	3.3	43.9	0	24.3	2.74	82.23
360	09/05/2021 4:47:14	149.9	2.2	177.2	40.9	70.2	37.9	4.5	44.4	0	23.1	2.14	82.69
361	09/05/2021 4:47:17	150.1	2.1	166.3	52.6	81.0	37.6	4.7	44.2	0	24.1	2.16	83.97
362	09/05/2021 4:47:20	150.1	2.0	180.1	48.5	74.2	43.4	5.2	50.5	0	24.2	2.56	84.03
363	09/05/2021 4:47:23	150.1	2.0	168.3	39.8	68.1	38.6	5.0	45.7	0	21.6	2.35	83.01
364	09/05/2021 4:47:26	150.0	2.0	176.6	46.0	72.2	42.0	5.0	48.9	0	23.5	2.43	83.59
365	09/05/2021 4:47:29	150.0	2.2	172.0	44.7	73.3	43.9	4.7	50.6	0	23.2	2.14	83.24
366	09/05/2021 4:47:32	150.0	1.6	173.0	46.6	75.4	37.5	4.8	44.3	0	23.1	3.08	83.49
367	09/05/2021 4:47:35	150.0	1.9	183.9	53.9	83.8	43.7	5.2	50.9	0	26.0	2.73	84.67
368	09/05/2021 4:47:38	149.9	2.1	186.5	51.4	77.3	43.6	3.6	49.3	0	25.6	2.43	82.74
369	09/05/2021 4:47:41	150.0	2.3	172.5	56.3	82.1	36.6	4.1	42.7	0	25.4	1.93	83.62
370	09/05/2021 4:47:44	150.0	1.9	188.3	52.7	81.7	37.4	4.7	44.1	0	26.1	2.8	83.94
371	09/05/2021 4:47:47	150.1	1.9	179.3	48.4	74.8	38.3	5.4	45.7	0	24.1	2.66	84.28
372	09/05/2021 4:47:50	150.2	1.9	183.0	49.6	78.7	37.1	4.2	43.3	0	25.1	2.63	83.21
373	09/05/2021 4:47:53	150.1	1.9	188.0	56.6	85.7	39.8	4.5	46.3	0	27.0	2.67	84.1
374	09/05/2021 4:47:56	150.0	1.6	177.5	46.5	72.2	41.2	4.7	47.9	0	23.2	3.14	83.36
375	09/05/2021 4:47:59	150.0	2.1	179.2	53.9	79.8	41.9	4.2	48.1	0	25.3	2.41	83.56
376	09/05/2021 4:48:2	150.0	1.9	178.8	48.1	74.5	39.5	4.3	45.8	0	24.0	2.7	83.14
377	09/05/2021 4:48:5	149.9	2.1	175.0	44.0	70.4	36.6	3.9	42.5	0	23.1	2.25	82.42
378	09/05/2021 4:48:8	150.1	2.2	173.1	55.9	82.5	36.4	3.2	41.6	0	25.3	2.19	82.58
379	09/05/2021 4:48:11	149.9	1.6	187.1	58.1	83.5	37.9	4.0	43.9	0	26.5	3.15	83.73
380	09/05/2021 4:48:14	149.9	2.4	177.6	38.5	68.1	40.3	5.3	47.6	0	22.8	1.94	83.08
381	09/05/2021 4:48:17	149.8	2.1	177.4	56.0	83.8	41.5	3.7	47.2	0	25.9	2.27	83.12
382	09/05/2021 4:48:20	150.0	2.2	179.6	33.4	58.6	35.5	4.8	42.3	0	21.3	2.22	82.2
383	09/05/2021 4:48:23	149.8	2.2	180.2	52.8	80.4	37.2	3.6	42.9	0	25.6	2.19	82.82
384	09/05/2021 4:48:26	150.1	1.5	175.0	41.3	67.7	41.5	4.4	47.9	0	21.9	3.21	82.64
385	09/05/2021 4:48:29	150.2	2.0	172.2	54.1	84.0	37.5	4.2	43.7	0	25.0	2.42	83.57
386	09/05/2021 4:48:32	149.9	1.8	181.6	32.5	60.4	34.0	2.8	38.8	0	21.3	2.76	80.73
387	09/05/2021 4:48:35	150.0	2.0	186.7	63.2	90.1	40.0	2.3	44.4	1	28.0	2.56	81.93
388	09/05/2021 4:48:38	150.0	2.1	183.0	48.9	74.8	40.0	3.5	45.4	0	24.8	2.38	82.36
389	09/05/2021 4:48:41	150.0	2.0	177.2	66.0	93.5	45.9	3.5	51.4	1	27.6	2.54	83.59
390	09/05/2021 4:48:44	150.1	1.9	185.9	52.1	78.8	40.2	5.6	47.8	0	25.6	2.74	84.93
391	09/05/2021 4:48:47	150.2	1.9	184.4	39.1	67.2	37.5	3.4	42.9	0	23.0	2.68	81.65
392	09/05/2021 4:48:50	149.9	1.8	180.5	54.4	80.7	37.7	5.0	44.7	0	25.4	2.79	84.52
393	09/05/2021 4:48:53	150.1	2.3	178.4	45.3	71.8	41.3	4.9	48.2	0	23.8	2.03	83.5
394	09/05/2021 4:48:56	150.1	1.8	183.8	53.0	80.9	37.3	5.3	44.6	0	25.6	2.84	84.69
395	09/05/2021 4:48:59	149.9	2.0	181.4	44.4	72.1	45.0	3.0	50.0	0	23.8	2.46	81.59
396	09/05/2021 4:49:2	150.0	2.1	169.3	51.7	79.0	32.4	4.7	39.2	0	24.1	2.31	83.94
397	09/05/2021 4:49:5	150.1	1.8	176.7	42.8	68.2	36.1	6.1	44.1	0	22.6	2.75	84.23
398	09/05/2021 4:49:8	150.0	1.9	183.3	57.6	85.5	45.6	5.3	52.9	0	26.5	2.71	85.15
399	09/05/2021 4:49:11	150.1	1.7	185.4	54.5	83.3	38.7	3.6	44.3	0	26.0	3.04	82.96
400	09/05/2021 4:49:14	150.1	1.6	181.7	42.4	71.7	39.1	6.0	47.1	0	23.2	3.07	84.1
401	09/05/2021 4:49:17	150.1	2.0	181.7	42.6	68.7	41.5	4.7	48.2	0	23.3	2.51	82.97
402	09/05/2021 4:49:20	149.8	2.0	177.6	47.8	73.4	38.5	3.6	44.1	0	23.8	2.54	82.43
403	09/05/2021 4:49:23	150.0	2.1	179.8	50.4	78.6	44.8	4.4	51.2	0	25.0	2.34	83.46
404	09/05/2021 4:49:26	150.0	2.0	182.1	48.7	77.3	43.7	4.5	50.2	0	24.8	2.55	83.42
405	09/05/2021 4:49:29	149.9	1.9	185.3	46.4	76.0	40.3	4.8	47.1	0	24.7	2.63	83.51
406	09/05/2021 4:49:32	150.0	2.1	179.5	53.3	81.9	41.4	4.3	47.7	0	25.6	2.31	83.56
407	09/05/2021 4:49:35	150.1	2.3	190.4	45.8	74.9	43.0	4.2	49.2	0	25.4	2.12	82.81
408	09/05/2021 4:49:38	149.9	2.3	176.4	51.2	77.1	37.3	4.6	43.9	0	24.8	1.99	83.75
409	09/05/2021 4:49:41	150.0	2.2	183.7	50.5	77.1	40.2	3.6	45.8	0	25.3	2.21	82.61
410	09/05/2021 4:49:44	150.0	2.0	170.4	39.5	69.5	39.1	4.8	45.8	0	22.0	2.37	82.75
411	09/05/2021 4:49:47	149.9	1.8	178.4	48.5	77.9	40.0	4.6	46.6	0	24.2	2.85	83.44
412	09/05/2021 4:49:50	150.0	1.6	180.0	45.0	70.5	34.4	2.6	39.0	0	23.1	3.11	81.32
413	09/05/2021 4:49:53	150.0	2.0	179.2	52.7	79.4	40.6	2.4	45.0	1	25.2	2.43	81.51
414	09/05/2021 4:49:56	150.1	1.8	189.2	51.2	78.6	41.3	5.7	49.0	0	25.7	2.84	84.9
415	09/05/2021 4:49:59	150.0	2.0	183.4	49.9	78.3	46.0	3.7	51.8	0	25.1	2.58	82.71
416	09/05/2021 4:50:2	150.0	2.1	176.0	51.6	78.8	44.5	4.2	50.7	0	24.7	2.38	83.33
417	09/05/2021 4:50:5	149.9	2.1	175.7	38.9	66.3	38.8	4.5	45.3	0	22.1	2.37	82.51
418	09/05/2021 4:50:8	149.9	1.9	183.0	48.2	74.8	40.3	4.6	46.9	0	24.5	2.64	83.5
419	09/05/2021 4:50:11	149.9	1.7	177.2	42.6	69.5	46.5	4.1	52.7	0	22.7	2.87	82.51
420	09/05/2021 4:50:14	150.1	1.6	177.0	45.2	75.1	42.3	3.5	47.8	0	23.4	3.0	82.1
421	09/05/2021 4:50:17	150.2	2.0	182.7	52.5	81.6	41.7	4.4	48.2	0	25.7	2.47	83.67
422	09/05/2021 4:50:20	149.9	2.0	172.3	41.2	70.2	39.4	5.2	46.6	0	22.3	2.49	83.27
423	09/05/2021 4:50:23	150.0	1.7	181.8	51.6	78.1	45.7	4.3	52.0	0	24.8	3.0	83.45
424	09/05/2021 4:50:26	150.1	1.9	179.0	57.3	86.5	43.8	4.9	50.7	0	26.2	2.58	84.68
425	09/05/2021 4:50:29	150.1	2.1	172.5	43.3	73.0	45.2	3.7	50.9	0	23.0	2.3	82.15
426	09/05/2021 4:50:32	150.0	1.9	178.7	53.4	80.7	42.6	6.0	50.6	0	25.2	2.58	85.5
427	09/05/2021 4:50:35	150.2	2.1	174.1	40.5	65.6	42.7	4.5	49.2	0	22.1	2.26	82.64
428	09/05/2021 4:50:38	150.0	1.5	181.4	39.8	65.8	39.5	3.8	45.2	0	22.2	3.33	81.96
429	09/05/2021 4:50:41	150.1	2.0	184.1	54.2	80.3	38.4	5.5	46.0	0	25.9	2.52	85.06
430	09/05/2021 4:50:44	149.9	2.0	185.5	53.1	81.8	40.4	3.8	46.2	0	26.1	2.5	83.05
431	09/05/2021 4:50:47	150.0	2.1	184.6	59.2	87.7	36.6	4.9	43.4	0	27.2	2.39	84.84
432	09/05/2021 4:50:50	149.9	2.2	183.3	49.3	74.9	38.7	4.4	45.1	0	24.9	2.24	83.4
433	09/05/2021 4:50:53	149.9	2.1	180.8	39.5	69.5	42.8	4.1	48.9	0	23.1	2.3	82.2
434	09/05/2021 4:50:56	150.0	2.1	178.2	60.9	90.2	35.9	4.9	42.9	1	27.0	2.4	85.09
435	09/05/2021 4:50:59	150.1	2.0	174.0	60.9	87.9	45.5	3.8	51.2	1	26.3	2.44	83.61
436	09/05/2021 4:51:2	150.0	2.0	180.7	53.6	82.1	42.0	4.8	48.8	0	25.7	2.45	84.14
437	09/05/2021 4:51:5	149.9	2.2	176.3	54.3	82.5	38.5	3.6	44.1	0	25.5	2.24	82.87
438	09/05/2021 4:51:8	150.0	1.9	187.8	49.8	75.9	37.2	4.5	43.7	0	25.3	2.66	83.52
439	09/05/2021 4:51:11	149.9	2.1	178.5	50.3	77.8	38.1	3.1	43.2	0	24.8	2.36	82.12
440	09/05/2021 4:51:14	150.0	2.0	169.9	58.9	84.2	40.4	4.0	46.3	0	25.3	2.41	83.72
441	09/05/2021 4:51:17	150.1	2.2	174.6	65.7	93.3	34.8	4.1	40.9	1	27.6	2.1	84.47
442	09/05/2021 4:51:20	149.9	1.9	180.1	55.2	84.5	42.5	4.4	48.9	0	25.8	2.71	83.86
443	09/05/2021 4:51:23	150.0	1.9	182.7	51.5	78.5	38.3	5.2	45.5	0	25.1	2.71	84.38
444	09/05/2021 4:51:26	150.0	2.0	173.0	48.9	78.9	42.8	4.1	48.8	0	24.1	2.4	82.98
445	09/05/2021 4:51:29	149.9	1.7	177.7	60.5	90.4	42.3	3.0	47.3	1	26.6	2.88	82.67
446	09/05/2021 4:51:32	150.1	1.7	182.8	48.6	77.6	38.1	4.4	44.4	0	24.6	2.98	83.24
447	09/05/2021 4:51:35	150.2	2.1	178.8	42.2	68.6	37.3	4.4	43.6	0	23.0	2.41	82.68
448	09/05/2021 4:51:38	150.0	2.1	184.4	54.7	79.8	47.1	4.1	53.2	0	26.0	2.41	83.54
449	09/05/2021 4:51:41	149.9	2.2	173.8	49.5	76.6	38.1	3.8	43.9	0	24.2	2.08	82.75
450	09/05/2021 4:51:44	150.1	1.7	186.7	44.8	70.1	44.0	5.1	51.0	0	23.9	2.99	83.55
451	09/05/2021 4:51:47	150.0	2.1	189.6	52.5	80.7	42.9	3.8	48.6	0	26.4	2.48	82.95
452	09/05/2021 4:51:50	150.0	2.0	176.4	55.6	84.7	43.3	2.1	47.4	1	25.6	2.54	81.29
453	09/05/2021 4:51:53	149.9	2.3	173.1	46.1	74.6	38.6	4.2	44.8	0	23.7	2.0	82.9
454	09/05/2021 4:51:56	150.3	2.1	175.3	42.8	70.2	36.5	2.5	40.9	0	22.9	2.38	81.06
455	09/05/2021 4:51:59	150.1	1.7	181.4	59.8	86.5	35.5	1.9	39.4	1	26.4	3.03	81.17
456	09/05/2021 4:52:2	150.0	1.8	177.6	54.0	82.9	39.5	5.9	47.4	0	25.2	2.84	85.5
457	09/05/2021 4:52:5	150.0	1.9	172.9	53.2	82.5	42.6	3.0	47.6	0	24.8	2.54	82.18
458	09/05/2021 4:52:8	149.9	2.6	178.8	56.9	83.2	38.8	4.2	45.0	0	26.5	1.57	83.81
459	09/05/2021 4:52:11	150.2	2.2	171.4	41.5	70.3	43.1	3.7	48.7	0	22.5	2.13	82.01
460	09/05/2021 4:52:14	150.3	1.8	183.3	45.4	72.4	41.4	4.1	47.5	0	23.9	2.8	82.72
461	09/05/2021 4:52:17	150.0	2.2	181.6	48.4	74.0	40.9	3.6	46.5	0	24.6	2.22	82.48
462	09/05/2021 4:52:20	150.2	2.0	171.3	54.8	84.2	42.2	4.0	48.2	0	25.0	2.45	83.34
463	09/05/2021 4:52:23	150.0	1.8	181.9	46.4	71.8	43.8	2.5	48.3	0	23.8	2.88	81.23
464	09/05/2021 4:52:26	149.9	1.9	194.4	52.0	80.9	41.8	4.8	48.6	0	26.6	2.85	84.01
465	09/05/2021 4:52:29	150.0	2.0	171.9	32.3	58.0	38.4	3.1	43.6	0	20.2	2.37	80.96
466	09/05/2021 4:52:32	150.1	2.0	188.0	49.0	75.6	34.9	2.7	39.5	0	25.2	2.64	81.55
467	09/05/2021 4:52:35	149.8	1.8	169.0	52.1	79.8	32.3	2.2	36.5	1	23.9	2.65	81.18
468	09/05/2021 4:52:38	149.9	2.3	176.3	51.1	76.4	43.4	4.4	49.8	0	24.6	2.08	83.51
469	09/05/2021 4:52:41	150.1	2.2	182.5	43.5	70.8	44.9	3.2	50.0	0	23.9	2.18	81.7
470	09/05/2021 4:52:44	150.0	1.7	185.1	53.6	81.8	33.8	4.0	39.9	0	25.8	2.95	83.33
471	09/05/2021 4:52:47	150.2	2.0	174.7	57.7	86.7	38.8	4.3	45.1	0	26.0	2.39	84.06
472	09/05/2021 4:52:50	150.0	2.0	180.2	48.0	74.2	42.5	2.8	47.3	0	24.3	2.43	81.67
473	09/05/2021 4:52:53	150.1	2.5	175.5	50.1	77.7	41.2	3.2	46.4	0	24.8	1.72	82.22
474	09/05/2021 4:52:56	150.0	2.2	185.1	50.7	76.9	34.4	4.0	40.4	0	25.5	2.19	83.05
475	09/05/2021 4:52:59	150.1	2.0	177.1	39.6	66.3	34.9	3.6	40.5	0	22.3	2.43	81.83
476	09/05/2021 4:53:2	150.0	2.1	179.7	54.7	83.4	36.2	2.9	41.1	0	25.9	2.33	82.17
477	09/05/2021 4:53:5	150.1	2.3	183.4	43.2	70.2	35.0	5.3	42.3	0	24.0	2.13	83.6
478	09/05/2021 4:53:8	150.1	1.8	181.7	56.7	85.3	38.3	2.0	42.3	1	26.2	2.79	81.19
479	09/05/2021 4:53:11	149.9	1.9	173.0	56.7	84.5	41.2	5.7	49.0	0	25.3	2.54	85.61
480	09/05/2021 4:53:14	150.0	2.2	175.7	46.7	76.6	42.4	2.5	46.9	0	24.1	2.13	81.29
481	09/05/2021 4:53:17	150.0	1.5	180.6	58.0	86.9	37.9	3.3	43.2	0	26.1	3.19	82.77
482	09/05/2021 4:53:20	150.0	1.7	175.6	45.6	74.8	39.2	3.7	44.9	0	23.3	2.91	82.37
483	09/05/2021 4:53:23	149.9	2.1	178.4	58.1	88.0	49.0	3.4	54.3	0	26.5	2.34	82.92
484	09/05/2021 4:53:26	149.9	1.7	177.7	41.8	67.2	43.7	3.8	49.4	0	22.4	2.91	82.12
485	09/05/2021 4:53:29	150.1	1.7	184.4	44.3	73.4	45.0	3.2	50.2	0	23.9	3.04	81.78
486	09/05/2021 4:53:32	150.1	1.9	176.5	59.5	88.7	41.2	3.3	46.5	0	26.4	2.57	82.98
487	09/05/2021 4:53:35	150.0	1.8	175.0	56.4	85.9	41.2	2.9	46.1	0	25.5	2.81	82.25
488	09/05/2021 4:53:38	150.0	1.9	173.3	61.8	90.0	40.0	4.5	46.5	1	26.4	2.55	84.61
489	09/05/2021 4:53:41	149.9	2.0	179.1	35.0	62.2	40.5	4.1	46.6	0	21.6	2.55	81.84
490	09/05/2021 4:53:44	150.0	2.2	167.1	45.2	73.3	47.2	3.6	52.8	0	22.8	2.03	82.25
491	09/05/2021 4:53:47	150.1	1.9	181.7	67.5	94.8	40.4	3.2	45.6	1	28.3	2.63	83.34
492	09/05/2021 4:53:50	149.9	1.7	174.4	40.2	67.0	42.6	4.4	49.0	0	21.8	2.92	82.49
493	09/05/2021 4:53:53	149.8	2.1	185.9	55.3	81.0	40.3	3.5	45.8	0	26.3	2.48	82.81
494	09/05/2021 4:53:56	150.0	2.2	177.8	53.0	80.6	40.7	4.2	46.9	0	25.3	2.23	83.42
495	09/05/2021 4:53:59	150.0	2.1	176.2	56.5	81.8	41.0	3.1	46.1	0	25.6	2.32	82.5
496	09/05/2021 4:54:2	150.1	2.2	177.7	49.1	78.0	40.3	3.1	45.5	0	24.7	2.15	82.06
497	09/05/2021 4:54:5	150.0	1.7	187.2	49.6	74.6	41.9	2.8	46.7	0	24.8	3.05	81.75
498	09/05/2021 4:54:8	149.9	2.0	169.9	58.6	87.0	37.9	4.3	44.2	0	25.5	2.46	84.03
499	09/05/2021 4:54:11	149.8	1.9	178.6	48.1	77.3	38.1	5.1	45.3	0	24.3	2.6	83.95
500	09/05/2021 4:54:14	150.0	2.0	185.1	45.1	72.0	35.4	3.2	40.6	0	24.3	2.48	81.88
501	09/05/2021 4:54:17	150.0	1.9	182.8	39.2	65.1	45.0	3.9	50.9	0	22.6	2.64	82.05
502	09/05/2021 4:54:20	149.9	1.8	181.7	50.1	75.7	39.2	4.1	45.3	0	24.6	2.8	83.07
503	09/05/2021 4:54:23	149.9	1.9	185.4	52.0	81.7	43.4	3.4	48.9	0	25.8	2.75	82.53
504	09/05/2021 4:54:26	149.9	1.9	177.8	46.9	72.4	46.3	3.7	52.0	0	23.6	2.58	82.43
505	09/05/2021 4:54:29	149.7	2.1	186.3	44.1	71.0	40.9	3.8	46.7	0	24.2	2.47	82.36
506	09/05/2021 4:54:32	150.0	1.6	173.6	58.4	86.4	39.3	3.0	44.3	1	25.5	2.99	82.44
507	09/05/2021 4:54:35	149.9	2.3	178.6	54.6	82.2	41.8	3.5	47.3	0	25.9	2.01	82.83
508	09/05/2021 4:54:38	150.2	2.1	175.9	48.0	73.8	42.6	3.4	47.9	0	23.9	2.32	82.2
509	09/05/2021 4:54:41	149.9	2.4	177.9	58.6	86.7	36.7	3.3	42.0	0	26.7	1.87	82.86
510	09/05/2021 4:54:44	149.8	2.0	174.5	47.1	73.1	38.0	4.2	44.3	0	23.5	2.4	83.0
511	09/05/2021 4:54:47	149.9	2.1	183.3	30.7	58.3	38.2	5.7	45.9	0	21.3	2.43	82.48
512	09/05/2021 4:54:50	150.0	2.3	173.5	58.7	86.6	37.0	4.3	43.3	0	26.2	2.0	84.07
513	09/05/2021 4:54:53	150.0	2.0	181.6	48.5	77.9	39.7	4.6	46.3	0	24.8	2.49	83.51
514	09/05/2021 4:54:56	150.0	2.1	181.6	66.4	92.7	36.0	3.3	41.2	1	28.2	2.38	83.34
515	09/05/2021 4:54:59	150.0	2.2	183.1	49.3	75.9	42.6	2.9	47.5	0	25.0	2.22	81.8
516	09/05/2021 4:55:2	150.1	2.0	181.2	43.4	73.4	41.2	2.7	45.9	0	23.8	2.48	81.28
517	09/05/2021 4:55:5	149.9	2.3	178.8	56.6	84.7	36.8	5.3	44.1	0	26.3	2.07	85.04
518	09/05/2021 4:55:8	150.0	2.0	173.0	43.0	72.2	39.7	4.1	45.8	0	22.8	2.48	82.51
519	09/05/2021 4:55:11	149.9	1.8	179.2	53.8	83.4	43.6	4.0	49.6	0	25.5	2.76	83.35
520	09/05/2021 4:55:14	150.0	2.1	181.9	54.2	82.9	36.6	3.4	42.0	0	26.0	2.31	82.63
521	09/05/2021 4:55:17	150.0	2.0	181.5	52.9	82.2	38.4	3.9	44.3	0	25.6	2.54	83.14
522	09/05/2021 4:55:20	150.1	1.9	179.7	48.1	77.7	32.5	5.2	39.6	0	24.4	2.7	84.0
523	09/05/2021 4:55:23	149.9	2.1	180.3	46.8	73.5	41.0	2.9	45.9	0	24.2	2.3	81.67
524	09/05/2021 4:55:26	150.0	1.9	180.1	53.1	78.9	38.3	3.0	43.2	0	25.1	2.69	82.11
525	09/05/2021 4:55:29	150.1	1.7	179.3	43.2	72.2	45.1	3.6	50.7	0	23.2	2.9	82.1
526	09/05/2021 4:55:32	150.2	2.2	173.5	45.8	74.6	38.1	3.3	43.4	0	23.6	2.06	81.96
527	09/05/2021 4:55:35	149.8	2.4	181.1	53.5	81.7	41.8	5.0	48.8	0	26.1	1.86	84.43
528	09/05/2021 4:55:38	150.3	1.9	176.6	40.2	68.0	44.2	2.7	48.9	0	22.4	2.57	81.11
529	09/05/2021 4:55:41	150.0	2.1	178.8	43.9	70.3	39.8	2.7	44.5	0	23.4	2.39	81.32
530	09/05/2021 4:55:44	149.9	2.2	178.0	42.1	68.0	37.3	5.6	44.9	0	23.0	2.19	83.77
531	09/05/2021 4:55:47	150.0	2.1	187.0	48.2	76.6	45.4	4.6	52.0	0	25.3	2.42	83.45
532	09/05/2021 4:55:50	150.0	2.0	182.8	38.8	66.7	35.9	4.2	42.2	0	22.9	2.48	82.27
533	09/05/2021 4:55:53	150.1	1.8	179.7	52.4	82.1	45.4	5.1	52.5	0	25.2	2.84	84.38
534	09/05/2021 4:55:56	149.9	2.0	184.0	48.7	76.3	38.3	4.6	44.8	0	24.9	2.48	83.46
535	09/05/2021 4:55:59	150.0	2.0	184.1	45.8	72.5	46.9	3.7	52.6	0	24.2	2.56	82.4
536	09/05/2021 4:56:2	150.0	1.8	174.4	40.6	67.3	39.2	2.9	44.1	0	22.0	2.78	81.28
537	09/05/2021 4:56:5	150.0	1.8	179.1	45.9	74.1	36.7	4.9	43.6	0	23.7	2.75	83.5
538	09/05/2021 4:56:8	150.1	2.2	180.8	49.3	76.0	35.7	5.6	43.3	0	24.8	2.25	84.56
539	09/05/2021 4:56:11	150.0	1.8	179.6	58.9	88.9	34.3	2.9	39.2	0	26.6	2.73	82.37
540	09/05/2021 4:56:14	150.0	2.0	180.4	42.3	71.3	37.6	4.3	43.9	0	23.4	2.46	82.62
541	09/05/2021 4:56:17	150.1	1.8	182.5	68.8	94.3	39.1	4.6	45.7	1	28.4	2.78	85.47
542	09/05/2021 4:56:20	150.0	1.7	180.6	42.2	72.2	40.2	4.0	46.2	0	23.2	2.91	82.33
543	09/05/2021 4:56:23	150.1	2.1	181.8	47.6	75.4	40.3	1.5	43.8	0	24.6	2.41	80.32
544	09/05/2021 4:56:26	150.0	2.2	183.4	35.8	63.4	40.8	2.5	45.3	0	22.5	2.2	80.73
545	09/05/2021 4:56:29	149.9	2.0	175.4	44.0	73.6	39.9	4.2	46.1	0	23.3	2.42	82.68
546	09/05/2021 4:56:32	150.0	1.9	182.2	42.7	69.3	39.2	3.7	44.9	0	23.3	2.7	82.12
547	09/05/2021 4:56:35	150.0	2.1	182.8	44.9	74.8	34.4	5.9	42.3	0	24.4	2.3	84.31
548	09/05/2021 4:56:38	150.1	2.2	185.7	49.9	77.5	40.0	3.3	45.4	0	25.5	2.28	82.31
549	09/05/2021 4:56:41	149.9	2.0	167.3	59.2	88.2	37.1	3.7	42.8	0	25.4	2.41	83.37
550	09/05/2021 4:56:44	150.0	2.2	180.6	63.9	89.6	40.0	3.9	45.9	1	27.7	2.14	84.04
551	09/05/2021 4:56:47	150.0	1.9	180.4	51.5	77.5	39.1	5.2	46.3	0	24.9	2.59	84.43
552	09/05/2021 4:56:50	150.0	1.7	184.2	40.9	70.9	42.5	2.8	47.3	0	23.4	2.92	81.24
553	09/05/2021 4:56:53	149.9	2.2	176.7	57.4	86.6	36.3	4.5	42.9	0	26.2	2.2	84.25
554	09/05/2021 4:56:56	150.0	2.0	177.9	62.3	90.8	40.2	4.5	46.6	1	27.1	2.53	84.62
555	09/05/2021 4:56:59	149.9	2.3	180.8	49.4	78.7	43.9	5.1	51.1	0	25.2	2.05	84.12
556	09/05/2021 4:57:2	150.0	2.3	185.9	48.0	74.9	37.1	2.9	42.0	0	25.1	2.17	81.7
557	09/05/2021 4:57:5	149.9	2.1	183.8	52.8	81.0	39.1	2.4	43.5	0	25.8	2.44	81.52
558	09/05/2021 4:57:8	150.0	2.1	172.7	54.8	81.4	42.4	2.4	46.8	0	25.0	2.22	81.58
559	09/05/2021 4:57:11	149.8	2.1	179.4	44.6	70.4	38.6	5.5	46.2	0	23.6	2.3	83.98
560	09/05/2021 4:57:14	149.8	1.8	180.5	51.4	79.1	39.8	6.1	47.9	0	24.9	2.75	85.41
561	09/05/2021 4:57:17	149.9	1.9	173.4	48.1	74.6	42.2	5.4	49.6	0	23.5	2.64	84.25
562	09/05/2021 4:57:20	150.0	2.0	179.6	68.6	96.4	43.0	4.5	49.5	1	28.5	2.42	85.24
563	09/05/2021 4:57:23	149.8	2.0	187.9	55.0	80.0	34.4	3.1	39.6	0	26.3	2.59	82.44
564	09/05/2021 4:57:26	150.1	1.9	178.1	55.3	82.6	37.4	4.0	43.5	0	25.5	2.62	83.47
565	09/05/2021 4:57:29	150.0	2.0	170.9	54.5	82.1	42.8	3.8	48.6	0	24.8	2.34	83.16
566	09/05/2021 4:57:32	150.0	2.0	182.3	52.1	77.5	37.3	3.4	42.7	0	25.2	2.51	82.55
567	09/05/2021 4:57:35	150.0	1.7	183.1	43.1	69.2	38.1	2.6	42.7	0	23.3	2.93	81.18
568	09/05/2021 4:57:38	150.0	2.0	174.7	41.6	68.2	37.9	3.3	43.2	0	22.5	2.41	81.67
569	09/05/2021 4:57:41	150.1	1.9	178.1	44.7	72.9	39.0	3.8	44.8	0	23.5	2.61	82.39
570	09/05/2021 4:57:44	150.0	1.8	181.3	50.6	80.6	39.3	3.7	45.1	0	25.1	2.77	82.78
571	09/05/2021 4:57:47	150.0	1.8	181.2	54.2	81.1	44.7	5.8	52.4	0	25.5	2.79	85.33
572	09/05/2021 4:57:50	150.0	2.1	177.9	36.5	62.7	42.7	4.1	48.8	0	21.8	2.36	81.97
573	09/05/2021 4:57:53	150.0	2.0	186.6	46.1	72.6	40.6	4.2	46.8	0	24.5	2.54	82.82
574	09/05/2021 4:57:56	150.0	2.0	185.0	53.5	78.8	39.2	6.0	47.2	0	25.8	2.5	85.55
575	09/05/2021 4:57:59	149.9	2.0	179.0	47.0	74.9	41.1	4.0	47.0	0	24.1	2.52	82.73
576	09/05/2021 4:58:2	149.9	1.9	175.6	50.8	80.4	38.4	3.6	44.0	0	24.6	2.56	82.68
577	09/05/2021 4:58:5	150.0	2.0	178.0	45.6	73.4	35.7	4.3	42.1	0	23.7	2.46	82.95
578	09/05/2021 4:58:8	150.0	2.3	184.3	50.5	77.6	41.9	3.9	47.8	0	25.5	2.11	82.93
579	09/05/2021 4:58:11	149.9	1.6	175.6	51.4	78.1	38.1	4.3	44.4	0	24.1	3.12	83.41
580	09/05/2021 4:58:14	150.1	1.6	179.5	44.9	72.6	40.4	4.3	46.7	0	23.3	3.12	82.82
581	09/05/2021 4:58:17	149.9	1.9	175.0	58.1	84.6	42.1	2.4	46.4	1	25.7	2.55	81.71
582	09/05/2021 4:58:20	150.1	1.9	172.7	54.3	81.2	40.7	3.7	46.5	0	24.7	2.57	83.05
583	09/05/2021 4:58:23	150.0	2.0	188.2	45.8	73.7	33.9	4.7	40.6	0	24.8	2.57	83.34
584	09/05/2021 4:58:26	150.0	1.6	178.3	54.1	83.5	41.6	3.3	46.9	0	25.2	3.13	82.59
585	09/05/2021 4:58:29	149.9	1.8	168.0	48.3	76.2	42.0	3.8	47.8	0	23.1	2.64	82.65
586	09/05/2021 4:58:32	150.0	2.1	184.2	63.1	90.5	40.5	4.0	46.5	1	27.9	2.33	84.06
587	09/05/2021 4:58:35	150.1	1.8	166.7	52.4	80.9	39.9	3.2	45.0	0	23.8	2.61	82.3
588	09/05/2021 4:58:38	149.9	1.9	170.4	42.9	72.7	41.1	2.5	45.7	0	22.5	2.5	81.1
589	09/05/2021 4:58:41	150.0	1.9	168.4	45.0	72.2	39.5	4.1	45.7	0	22.5	2.49	82.69
590	09/05/2021 4:58:44	150.1	2.1	182.6	57.3	85.8	40.4	4.7	47.1	0	26.7	2.34	84.41
591	09/05/2021 4:58:47	149.9	1.7	170.3	56.8	85.9	43.7	3.9	49.6	0	25.0	2.83	83.41
592	09/05/2021 4:58:50	150.1	2.1	174.3	62.1	91.9	47.7	5.3	55.0	1	26.9	2.29	85.68
593	09/05/2021 4:58:53	150.1	1.6	175.0	49.5	75.2	36.7	3.1	41.8	0	23.6	3.03	81.99
594	09/05/2021 4:58:56	149.9	2.0	167.4	54.6	82.9	35.3	3.8	41.1	0	24.5	2.32	83.12
595	09/05/2021 4:58:59	150.0	1.8	186.0	50.2	78.4	36.3	3.0	41.3	0	25.3	2.86	81.93
596	09/05/2021 4:59:2	149.8	1.9	184.7	45.2	72.5	44.6	6.5	53.0	0	24.1	2.72	84.91
597	09/05/2021 4:59:5	150.1	1.7	182.2	56.2	85.2	43.4	4.2	49.6	0	26.0	3.03	83.77
598	09/05/2021 4:59:8	150.0	1.9	183.2	49.0	77.1	37.0	4.4	43.4	0	24.9	2.62	83.33
599	09/05/2021 4:59:11	149.8	1.5	172.3	44.2	71.9	36.1	3.9	42.0	0	22.4	3.11	82.39
600	09/05/2021 4:59:14	150.0	2.3	185.7	44.7	73.4	41.1	4.0	47.1	0	24.7	2.1	82.55
601	09/05/2021 4:59:17	150.0	1.8	176.0	43.5	69.9	40.7	5.6	48.4	0	22.8	2.73	83.93
602	09/05/2021 4:59:20	150.1	2.1	182.3	53.8	83.2	41.2	2.7	45.9	0	26.0	2.43	81.91
603	09/05/2021 4:59:23	150.1	1.7	176.6	39.9	66.9	40.2	4.2	46.4	0	22.1	2.85	82.31
604	09/05/2021 4:59:26	149.9	2.5	176.3	45.5	73.2	39.3	3.9	45.2	0	24.0	1.77	82.57
605	09/05/2021 4:59:29	149.9	1.9	176.2	46.2	73.3	36.7	4.8	43.5	0	23.4	2.67	83.46
606	09/05/2021 4:59:32	149.9	2.2	181.0	53.1	81.0	39.0	3.6	44.6	0	25.7	2.19	82.8
607	09/05/2021 4:59:35	150.0	2.2	181.0	53.0	78.6	40.1	3.4	45.5	0	25.5	2.2	82.62
608	09/05/2021 4:59:38	150.0	2.0	183.9	44.0	73.7	38.9	3.4	44.3	0	24.1	2.58	81.99
609	09/05/2021 4:59:41	150.0	2.1	179.7	56.0	81.3	37.3	3.9	43.2	0	25.8	2.38	83.42
610	09/05/2021 4:59:44	150.1	1.8	178.4	34.4	62.4	40.0	3.7	45.6	0	21.3	2.78	81.47
611	09/05/2021 4:59:47	150.1	1.9	177.4	63.4	92.6	40.1	5.3	47.4	1	27.3	2.59	85.86
612	09/05/2021 4:59:50	150.0	1.8	172.5	48.2	73.5	34.7	4.6	41.3	0	23.2	2.7	83.41
613	09/05/2021 4:59:53	150.0	1.9	184.3	49.9	76.4	46.3	4.4	52.6	0	24.9	2.73	83.38
614	09/05/2021 4:59:56	149.9	2.0	179.2	45.1	70.6	35.7	2.8	40.6	0	23.5	2.53	81.48
615	09/05/2021 4:59:59	150.1	2.1	177.4	57.0	85.4	43.9	3.2	49.1	0	26.1	2.34	82.64
616	09/05/2021 5:0:2	149.8	2.3	180.1	53.9	82.6	39.2	5.4	46.5	0	26.0	2.03	84.85
617	09/05/2021 5:0:5	150.0	2.2	183.4	53.8	79.2	39.2	5.2	46.4	0	25.8	2.29	84.6
618	09/05/2021 5:0:8	150.0	2.1	179.0	41.1	70.7	38.6	4.9	45.5	0	23.2	2.33	82.99
619	09/05/2021 5:0:11	150.1	1.9	184.2	46.1	75.6	36.9	3.8	42.6	0	24.5	2.75	82.46
620	09/05/2021 5:0:14	150.0	2.0	176.7	32.4	59.2	41.7	1.8	45.5	0	20.9	2.43	80.08
621	09/05/2021 5:0:17	150.0	1.6	176.5	45.2	73.3	40.9	3.9	46.8	0	23.1	3.01	82.52
622	09/05/2021 5:0:20	150.1	1.9	182.9	48.4	77.1	38.9	4.4	45.2	0	24.8	2.64	83.22
623	09/05/2021 5:0:23	150.0	2.4	191.4	47.2	75.3	32.8	4.2	39.0	0	25.8	2.06	82.95
624	09/05/2021 5:0:26	150.0	1.9	176.8	47.4	72.6	38.5	6.0	46.5	0	23.6	2.63	84.72
625	09/05/2021 5:0:29	149.8	1.5	185.7	55.7	82.7	34.2	3.5	39.7	0	25.9	3.31	82.95
626	09/05/2021 5:0:32	150.1	1.6	173.1	53.9	80.6	36.2	2.6	40.8	1	24.4	2.98	81.74
627	09/05/2021 5:0:35	150.1	1.8	187.7	54.9	84.1	42.2	4.1	48.2	0	26.5	2.83	83.49
628	09/05/2021 5:0:38	149.8	1.8	177.2	45.6	73.6	37.2	3.4	42.6	0	23.4	2.82	82.05
629	09/05/2021 5:0:41	150.0	2.0	180.7	42.6	69.4	39.8	3.5	45.3	0	23.3	2.54	81.96
630	09/05/2021 5:0:44	149.9	2.3	185.0	46.4	75.2	34.9	4.6	41.5	0	24.9	2.16	83.26
631	09/05/2021 5:0:47	150.0	2.0	174.2	37.8	63.9	39.0	2.2	43.2	0	21.6	2.44	80.55
632	09/05/2021 5:0:50	150.1	2.3	171.0	41.8	69.2	42.2	2.6	46.8	0	22.5	1.94	81.12
633	09/05/2021 5:0:53	150.1	1.5	177.6	51.8	81.1	41.5	7.2	50.7	0	24.6	3.18	86.55
634	09/05/2021 5:0:56	150.0	2.2	182.3	58.5	86.6	42.8	5.1	49.9	0	26.9	2.29	85.07
635	09/05/2021 5:0:59	150.0	2.0	177.2	48.5	77.6	45.3	3.8	51.2	0	24.3	2.54	82.72
636	09/05/2021 5:1:2	149.9	1.7	188.8	48.3	74.1	39.4	4.4	45.8	0	24.8	3.0	83.21
637	09/05/2021 5:1:5	150.0	1.9	192.4	47.1	74.5	38.9	5.7	46.6	0	25.3	2.72	84.38
638	09/05/2021 5:1:8	150.0	1.9	174.4	36.5	61.6	42.2	5.1	49.3	0	21.2	2.52	82.68
639	09/05/2021 5:1:11	150.0	2.0	172.3	47.2	76.6	39.1	4.0	45.1	0	23.6	2.49	82.8
640	09/05/2021 5:1:14	150.0	1.9	167.3	48.3	75.2	38.8	4.6	45.3	0	23.0	2.47	83.42
641	09/05/2021 5:1:17	150.1	1.8	175.4	52.4	78.7	37.6	2.4	42.0	1	24.4	2.82	81.43
642	09/05/2021 5:1:20	150.2	1.8	183.1	58.0	83.0	38.2	3.4	43.7	0	26.2	2.8	82.96
643	09/05/2021 5:1:23	149.9	1.9	184.0	55.0	85.0	32.3	3.0	37.3	0	26.3	2.74	82.24
644	09/05/2021 5:1:26	150.0	1.9	191.6	47.3	76.7	34.6	4.0	40.6	0	25.5	2.76	82.78
645	09/05/2021 5:1:29	150.0	2.3	180.8	53.8	82.1	39.8	2.1	43.9	1	26.0	2.03	81.17
646	09/05/2021 5:1:32	150.0	2.2	183.7	45.3	72.4	41.2	4.6	47.8	0	24.3	2.25	83.18
647	09/05/2021 5:1:35	150.0	1.8	177.3	46.8	74.8	41.0	5.4	48.4	0	23.7	2.76	84.12
648	09/05/2021 5:1:38	150.0	1.9	177.8	56.3	82.5	40.4	4.1	46.5	0	25.6	2.55	83.66
649	09/05/2021 5:1:41	149.9	2.0	195.4	36.3	64.9	42.5	3.9	48.4	0	23.6	2.69	81.82
650	09/05/2021 5:1:44	149.8	2.0	170.9	46.7	72.2	41.4	4.2	47.7	0	22.9	2.48	82.94
651	09/05/2021 5:1:47	150.1	2.0	177.0	54.4	81.4	34.7	6.7	43.4	0	25.2	2.51	86.37
652	09/05/2021 5:1:50	150.1	1.7	178.7	58.6	83.6	37.2	5.2	44.4	0	25.8	2.9	85.16
653	09/05/2021 5:1:53	150.1	1.8	174.3	39.7	69.0	37.8	3.0	42.8	0	22.2	2.67	81.35
654	09/05/2021 5:1:56	150.1	1.9	190.1	41.5	68.3	39.7	3.5	45.2	0	23.9	2.68	81.84
655	09/05/2021 5:1:59	150.0	2.3	184.1	49.3	76.5	39.5	2.8	44.3	0	25.3	2.03	81.67
656	09/05/2021 5:2:2	150.0	1.8	186.9	50.7	76.5	39.4	2.9	44.2	0	25.2	2.87	81.85
657	09/05/2021 5:2:5	149.9	1.8	177.3	55.9	85.2	41.5	2.4	45.9	1	25.7	2.72	81.61
658	09/05/2021 5:2:8	150.0	2.0	173.7	44.9	72.9	40.0	4.3	46.3	0	23.1	2.48	82.86
659	09/05/2021 5:2:11	150.1	1.9	168.2	41.4	66.7	44.8	3.7	50.5	0	21.5	2.57	82.01
660	09/05/2021 5:2:14	150.1	2.0	184.2	53.4	81.9	39.3	5.4	46.7	0	26.0	2.51	84.82
661	09/05/2021 5:2:17	150.1	1.9	181.5	47.7	76.2	43.3	4.4	49.7	0	24.5	2.61	83.21
662	09/05/2021 5:2:20	150.0	2.0	188.1	53.6	81.2	44.6	3.5	50.0	0	26.3	2.58	82.69
663	09/05/2021 5:2:23	149.9	2.1	183.9	47.3	74.8	38.2	4.0	44.3	0	24.7	2.37	82.81
664	09/05/2021 5:2:26	150.1	1.9	184.9	43.8	72.2	38.6	2.1	42.7	0	24.0	2.69	80.74
665	09/05/2021 5:2:29	149.9	1.7	184.1	44.4	70.1	42.9	4.9	49.8	0	23.6	2.95	83.37
666	09/05/2021 5:2:32	150.1	2.1	179.1	50.9	76.7	43.3	2.8	48.1	0	24.7	2.38	81.77
667	09/05/2021 5:2:35	150.2	2.1	175.8	40.8	68.1	42.8	2.6	47.4	0	22.5	2.38	81.07
668	09/05/2021 5:2:38	150.0	2.3	169.2	56.0	85.7	40.8	2.4	45.1	0	25.4	1.89	81.58
669	09/05/2021 5:2:41	150.2	2.0	185.7	57.6	85.4	36.6	4.9	43.5	0	26.9	2.49	84.69
670	09/05/2021 5:2:44	150.0	2.3	174.0	48.7	75.9	39.9	2.9	44.8	0	24.1	2.05	81.77
671	09/05/2021 5:2:47	150.0	2.3	176.0	54.8	82.3	39.2	4.1	45.3	0	25.6	2.06	83.46
672	09/05/2021 5:2:50	150.1	2.2	179.9	48.6	76.9	34.6	5.3	41.9	0	24.8	2.13	84.16
673	09/05/2021 5:2:53	150.0	2.2	182.8	59.7	85.6	40.5	4.4	46.9	0	27.0	2.26	84.31
674	09/05/2021 5:2:56	149.8	1.8	181.0	46.3	75.7	38.7	4.9	45.6	0	24.1	2.76	83.6
675	09/05/2021 5:2:59	150.0	2.1	180.1	45.0	74.7	38.8	4.5	45.3	0	24.1	2.37	83.08
676	09/05/2021 5:3:2	150.1	2.2	181.0	50.8	77.9	38.9	2.4	43.2	0	25.1	2.27	81.37
677	09/05/2021 5:3:5	150.0	2.4	175.9	55.3	82.6	42.6	3.5	48.2	0	25.8	1.86	82.92
678	09/05/2021 5:3:8	150.1	2.3	184.8	41.5	68.5	40.2	4.6	46.7	0	23.8	2.06	82.78
679	09/05/2021 5:3:11	150.0	2.1	186.8	53.4	83.3	42.4	4.1	48.5	0	26.5	2.41	83.35
680	09/05/2021 5:3:14	150.0	2.0	183.2	55.9	81.6	35.9	6.2	44.1	0	26.0	2.57	86.07
681	09/05/2021 5:3:17	150.1	1.8	180.6	38.3	67.4	40.3	1.5	43.8	0	22.4	2.8	80.02
682	09/05/2021 5:3:20	150.0	1.9	187.4	54.0	79.8	48.2	3.6	53.8	0	26.0	2.77	82.91
683	09/05/2021 5:3:23	149.9	2.0	188.9	64.6	93.2	40.3	4.4	46.7	1	28.7	2.61	84.74
684	09/05/2021 5:3:26	149.8	1.8	172.3	54.4	84.0	43.4	2.6	48.0	1	24.9	2.73	81.81
685	09/05/2021 5:3:29	149.7	2.1	182.5	40.5	65.9	41.4	2.7	46.1	0	23.0	2.38	81.13
686	09/05/2021 5:3:32	149.8	1.8	180.6	50.1	77.3	37.0	4.0	43.0	0	24.6	2.73	83.03
687	09/05/2021 5:3:35	150.1	1.8	175.8	51.0	78.3	39.6	2.2	43.9	1	24.3	2.78	81.22
688	09/05/2021 5:3:38	149.9	2.3	179.4	51.5	79.0	43.4	2.7	48.1	0	25.3	2.07	81.77
689	09/05/2021 5:3:41	150.0	2.3	176.9	47.6	75.9	38.9	4.9	45.8	0	24.3	2.08	83.67
690	09/05/2021 5:3:44	149.8	1.9	182.9	56.1	81.2	37.1	4.6	43.7	0	26.0	2.6	84.24
691	09/05/2021 5:3:47	149.8	2.0	185.9	47.7	77.4	41.8	2.6	46.4	0	25.1	2.5	81.43
692	09/05/2021 5:3:50	150.0	1.8	178.8	56.2	85.3	38.5	3.4	43.9	0	25.8	2.76	82.85
693	09/05/2021 5:3:53	150.0	1.8	182.4	45.0	71.0	36.8	3.8	42.6	0	23.6	2.89	82.38
694	09/05/2021 5:3:56	149.7	1.5	192.7	51.1	76.3	45.6	5.2	52.8	0	25.6	3.31	84.33
695	09/05/2021 5:3:59	149.7	2.0	177.0	48.6	77.5	40.0	4.3	46.3	0	24.3	2.49	83.17
696	09/05/2021 5:4:2	150.1	1.8	178.7	50.0	75.9	38.0	2.5	42.5	0	24.2	2.86	81.47
697	09/05/2021 5:4:5	150.1	2.2	185.3	41.0	70.4	39.5	2.9	44.4	0	23.8	2.3	81.3
698	09/05/2021 5:4:8	150.0	2.1	180.3	43.9	73.8	35.1	4.0	41.1	0	24.0	2.28	82.45
699	09/05/2021 5:4:11	150.1	2.0	181.5	56.2	83.9	40.8	4.4	47.3	0	26.1	2.53	84.02
700	09/05/2021 5:4:14	150.0	1.9	180.1	46.2	72.7	42.3	4.6	48.8	0	23.8	2.61	83.25
701	09/05/2021 5:4:17	150.1	1.8	177.0	63.4	90.7	41.9	3.8	47.7	1	26.9	2.77	83.85
702	09/05/2021 5:4:20	149.9	1.9	173.8	57.4	83.4	35.4	4.4	41.8	0	25.4	2.59	84.11
703	09/05/2021 5:4:23	149.9	2.2	186.0	35.0	63.0	40.7	3.0	45.8	0	22.6	2.27	81.06
704	09/05/2021 5:4:26	150.1	2.0	177.5	52.8	82.4	39.5	2.9	44.4	0	25.3	2.45	82.0
705	09/05/2021 5:4:29	150.1	1.9	180.8	42.2	70.4	39.0	2.8	43.8	0	23.3	2.65	81.28
706	09/05/2021 5:4:32	150.1	1.7	180.8	44.2	70.7	38.3	4.2	44.4	0	23.2	3.02	82.66
707	09/05/2021 5:4:35	150.1	2.4	177.1	60.7	90.2	42.8	5.2	50.1	1	27.2	1.85	85.42
708	09/05/2021 5:4:38	150.0	2.2	186.3	50.3	79.8	41.5	4.4	47.9	0	25.8	2.29	83.42
709	09/05/2021 5:4:41	149.8	2.0	179.6	53.2	82.6	37.6	3.4	43.0	0	25.6	2.44	82.62
710	09/05/2021 5:4:44	150.1	2.0	180.4	54.5	81.2	41.9	3.6	47.5	0	25.6	2.55	82.92
711	09/05/2021 5:4:47	150.0	2.1	187.1	35.2	61.7	41.9	2.9	46.7	0	22.5	2.37	80.95
712	09/05/2021 5:4:50	150.1	1.9	180.1	41.5	68.0	39.6	5.3	46.8	0	22.9	2.58	83.37
713	09/05/2021 5:4:53	150.3	2.2	178.9	52.6	82.0	41.5	3.0	46.5	0	25.5	2.25	82.16
714	09/05/2021 5:4:56	150.0	2.3	176.9	52.1	77.5	36.4	3.7	42.2	0	24.9	2.07	82.88
715	09/05/2021 5:4:59	150.0	1.8	183.5	57.4	87.2	39.8	3.9	45.7	0	26.6	2.9	83.5
716	09/05/2021 5:5:2	150.1	1.9	175.0	54.8	82.9	37.1	3.6	42.7	0	25.1	2.65	82.97
717	09/05/2021 5:5:5	150.1	2.4	178.7	57.1	85.0	44.4	4.0	50.4	0	26.5	1.87	83.55
718	09/05/2021 5:5:8	150.1	2.0	167.6	45.1	71.4	38.9	3.8	44.6	0	22.4	2.45	82.37
719	09/05/2021 5:5:11	149.9	1.9	169.5	53.5	82.2	39.2	3.8	45.0	0	24.5	2.47	83.11
720	09/05/2021 5:5:14	150.1	2.1	180.2	57.3	86.8	39.4	4.6	46.0	0	26.5	2.33	84.32
721	09/05/2021 5:5:17	149.9	1.9	182.0	48.0	76.0	40.7	4.4	47.1	0	24.4	2.73	83.21
722	09/05/2021 5:5:20	150.0	2.3	172.4	50.3	77.1	41.4	1.4	44.7	0	24.3	1.95	80.28
723	09/05/2021 5:5:23	150.1	2.0	182.0	48.8	77.0	38.2	5.8	46.0	0	24.8	2.51	84.74
724	09/05/2021 5:5:26	149.8	2.2	179.2	66.7	92.2	39.8	2.9	44.7	1	28.0	2.2	82.89
725	09/05/2021 5:5:29	150.0	1.9	186.0	51.6	80.8	41.0	3.0	46.1	0	25.7	2.75	82.11
726	09/05/2021 5:5:32	150.0	2.0	171.7	57.1	85.8	38.3	4.4	44.7	0	25.5	2.41	84.04
727	09/05/2021 5:5:35	149.8	1.9	177.5	32.6	59.3	40.3	3.4	45.8	0	20.9	2.6	81.17
728	09/05/2021 5:5:38	150.1	2.3	180.0	41.0	66.9	41.2	4.6	47.7	0	23.1	2.09	82.74
729	09/05/2021 5:5:41	149.9	1.6	178.2	43.4	70.0	39.2	3.5	44.6	0	22.7	3.09	81.96
730	09/05/2021 5:5:44	149.9	2.3	178.5	39.4	67.3	41.0	4.8	47.8	0	22.8	2.03	82.8
731	09/05/2021 5:5:47	149.8	2.0	170.0	47.6	74.1	40.2	4.9	47.2	0	23.2	2.34	83.71
732	09/05/2021 5:5:50	150.1	1.9	177.6	41.3	70.9	29.7	2.9	34.6	0	22.9	2.61	81.34
733	09/05/2021 5:5:53	150.1	1.8	172.4	45.7	72.5	50.1	3.8	55.9	0	22.9	2.67	82.42
734	09/05/2021 5:5:56	150.1	1.5	181.4	50.5	79.2	34.2	4.2	40.5	0	24.6	3.26	83.27
735	09/05/2021 5:5:59	149.8	1.9	185.7	53.6	83.1	35.7	3.4	41.1	0	26.1	2.73	82.61
736	09/05/2021 5:6:2	150.0	1.9	179.8	44.9	73.0	33.9	4.3	40.2	0	23.7	2.59	82.89
737	09/05/2021 5:6:5	150.0	1.6	178.0	46.3	72.8	40.5	3.2	45.7	0	23.3	3.1	81.93
738	09/05/2021 5:6:8	150.2	1.7	175.7	45.4	73.7	36.0	4.4	42.4	0	23.2	2.94	83.0
739	09/05/2021 5:6:11	150.0	1.9	187.0	43.2	70.0	34.3	3.1	39.4	0	23.9	2.71	81.62
740	09/05/2021 5:6:14	150.0	1.9	182.6	43.0	70.7	36.1	2.0	40.1	0	23.6	2.63	80.62
741	09/05/2021 5:6:17	149.9	2.1	169.9	53.6	80.1	39.8	5.1	46.9	0	24.4	2.3	84.49
742	09/05/2021 5:6:20	150.1	2.1	182.4	56.0	83.7	43.0	3.3	48.3	0	26.3	2.41	82.72
743	09/05/2021 5:6:23	150.0	1.9	180.6	64.5	92.2	40.4	3.0	45.4	1	27.6	2.72	82.86
744	09/05/2021 5:6:26	150.2	2.2	182.1	55.4	85.2	37.4	3.9	43.3	0	26.5	2.24	83.3
745	09/05/2021 5:6:29	150.2	1.7	195.7	59.6	88.1	40.5	3.5	46.0	0	28.1	3.04	83.2
746	09/05/2021 5:6:32	149.8	2.0	183.7	61.7	90.4	41.3	3.5	46.8	1	27.5	2.59	83.35
747	09/05/2021 5:6:35	149.9	1.9	176.7	47.6	77.5	39.6	3.7	45.3	0	24.1	2.63	82.49
748	09/05/2021 5:6:38	150.1	1.9	181.5	71.8	98.5	41.2	5.1	48.3	1	29.1	2.61	86.37
749	09/05/2021 5:6:41	150.0	2.0	180.1	50.2	77.6	37.8	3.3	43.1	0	24.8	2.54	82.3
750	09/05/2021 5:6:44	149.9	2.0	172.6	52.2	81.0	40.4	5.4	47.8	0	24.6	2.41	84.71
751	09/05/2021 5:6:47	149.9	2.2	175.3	58.6	84.0	39.9	4.2	46.1	0	26.0	2.17	83.9
752	09/05/2021 5:6:50	149.9	2.0	176.1	44.4	73.4	44.0	3.7	49.7	0	23.4	2.44	82.26
753	09/05/2021 5:6:53	150.1	2.4	184.3	52.1	80.6	45.4	3.5	50.8	0	26.1	2.0	82.6
754	09/05/2021 5:6:56	150.1	2.5	176.9	53.6	81.0	44.1	3.1	49.3	0	25.7	1.66	82.33
755	09/05/2021 5:6:59	150.0	2.0	179.4	49.6	76.4	35.0	6.8	43.8	0	24.6	2.45	85.9
756	09/05/2021 5:7:2	149.9	2.2	173.4	50.1	77.9	40.2	4.2	46.4	0	24.4	2.1	83.24
757	09/05/2021 5:7:5	150.1	1.9	176.6	52.4	81.5	39.1	4.0	45.0	0	25.0	2.56	83.16
758	09/05/2021 5:7:8	150.0	2.0	182.5	46.6	74.0	38.4	4.5	44.8	0	24.3	2.49	83.15
759	09/05/2021 5:7:11	150.1	2.2	178.5	47.7	76.4	39.3	3.0	44.3	0	24.4	2.22	81.85
760	09/05/2021 5:7:14	149.8	2.0	180.6	50.6	75.9	33.7	4.1	39.8	0	24.7	2.45	83.19
761	09/05/2021 5:7:17	150.1	2.1	181.2	56.0	81.9	40.0	4.4	46.4	0	26.0	2.37	84.0
762	09/05/2021 5:7:20	150.0	2.2	179.9	43.0	68.6	41.8	3.0	46.8	0	23.4	2.18	81.49
763	09/05/2021 5:7:23	150.0	2.2	183.9	52.3	81.7	40.4	4.6	47.0	0	25.9	2.3	83.88
764	09/05/2021 5:7:26	150.1	2.3	179.2	39.6	66.6	44.3	6.0	52.3	0	22.8	2.05	83.81
765	09/05/2021 5:7:29	150.0	1.9	180.1	59.3	89.1	40.9	4.0	46.9	0	26.7	2.69	83.81
766	09/05/2021 5:7:32	150.2	1.9	176.5	32.0	60.8	39.3	4.8	46.1	0	20.8	2.63	82.04
767	09/05/2021 5:7:35	150.0	1.7	180.5	52.7	81.9	39.6	3.7	45.3	0	25.2	2.99	82.85
768	09/05/2021 5:7:38	149.9	2.3	184.4	57.7	83.3	38.1	4.4	44.5	0	26.8	2.14	84.13
769	09/05/2021 5:7:41	150.0	2.0	184.8	49.1	77.8	35.8	3.9	41.7	0	25.2	2.51	82.8
770	09/05/2021 5:7:44	150.1	1.8	186.4	43.7	69.1	38.1	5.1	45.3	0	23.7	2.83	83.5
771	09/05/2021 5:7:47	149.9	1.6	180.7	56.8	86.2	41.4	4.2	47.5	0	25.9	3.15	83.77
772	09/05/2021 5:7:50	150.0	1.8	180.9	43.3	69.8	40.6	5.5	48.1	0	23.2	2.8	83.79
773	09/05/2021 5:7:53	150.0	1.7	183.2	47.0	75.6	36.2	2.7	40.9	0	24.3	2.96	81.47
774	09/05/2021 5:7:56	150.1	1.9	171.7	43.9	69.7	41.9	3.5	47.4	0	22.5	2.52	82.07
775	09/05/2021 5:7:59	150.1	2.0	179.6	50.7	80.1	38.9	3.7	44.6	0	25.0	2.56	82.73
776	09/05/2021 5:8:2	149.9	2.2	172.2	51.0	77.0	43.1	3.4	48.5	0	24.2	2.19	82.49
777	09/05/2021 5:8:5	150.0	2.3	179.9	49.6	79.2	43.4	4.0	49.3	0	25.2	2.02	82.92
778	09/05/2021 5:8:8	150.0	2.1	181.5	56.7	83.5	40.5	4.8	47.3	0	26.3	2.36	84.54
779	09/05/2021 5:8:11	149.9	2.0	178.6	46.6	76.2	40.7	5.4	48.2	0	24.1	2.55	84.08
780	09/05/2021 5:8:14	149.8	2.0	178.9	43.5	70.4	37.3	4.1	43.4	0	23.2	2.56	82.51
781	09/05/2021 5:8:17	150.0	1.9	181.1	51.1	77.9	36.8	2.9	41.8	0	24.9	2.71	81.96
782	09/05/2021 5:8:20	149.9	1.9	178.6	46.8	74.2	33.1	3.9	38.9	0	23.8	2.66	82.61
783	09/05/2021 5:8:23	150.1	2.0	188.6	52.6	78.5	44.1	3.3	49.4	0	26.0	2.58	82.45
784	09/05/2021 5:8:26	150.0	2.1	180.4	49.8	78.2	39.0	4.8	45.9	0	24.9	2.39	83.83
785	09/05/2021 5:8:29	150.0	2.0	177.4	55.9	80.9	44.7	3.9	50.6	0	25.4	2.46	83.42
786	09/05/2021 5:8:32	150.0	1.8	175.0	57.1	84.4	43.8	5.0	50.8	0	25.4	2.77	84.79
787	09/05/2021 5:8:35	150.1	1.9	177.3	48.1	73.3	38.4	5.1	45.5	0	23.8	2.6	83.9
788	09/05/2021 5:8:38	149.8	2.3	176.6	53.3	80.9	39.0	3.2	44.2	0	25.4	1.94	82.43
789	09/05/2021 5:8:41	149.8	2.3	181.6	49.1	76.5	46.0	3.7	51.7	0	25.0	2.09	82.64
790	09/05/2021 5:8:44	150.1	2.0	182.1	52.3	79.1	36.9	3.8	42.7	0	25.3	2.56	83.0
791	09/05/2021 5:8:47	150.0	2.4	178.5	52.8	78.1	39.4	3.3	44.7	0	25.4	1.87	82.49
792	09/05/2021 5:8:50	150.1	2.4	184.4	52.1	79.9	41.1	4.9	48.0	0	26.0	2.02	84.16
793	09/05/2021 5:8:53	150.0	2.1	177.8	54.2	83.1	37.3	3.4	42.7	0	25.6	2.32	82.66
794	09/05/2021 5:8:56	150.1	1.9	170.4	48.7	76.1	40.0	3.5	45.6	0	23.4	2.58	82.41
795	09/05/2021 5:8:59	150.0	2.0	178.4	55.9	82.3	41.3	4.0	47.3	0	25.6	2.55	83.53
796	09/05/2021 5:9:2	150.0	1.9	181.7	36.6	63.6	39.0	2.6	43.6	0	22.1	2.72	80.86
797	09/05/2021 5:9:5	149.8	1.6	179.6	59.8	88.4	42.6	3.7	48.3	0	26.4	3.12	83.48
798	09/05/2021 5:9:8	150.0	1.7	175.9	51.5	79.5	40.4	3.0	45.4	0	24.4	2.84	82.09
799	09/05/2021 5:9:11	150.1	2.5	183.3	44.1	70.3	40.3	4.6	46.9	0	24.3	1.8	83.06
800	09/05/2021 5:9:14	150.0	1.9	185.2	60.3	88.4	39.0	5.2	46.3	1	27.2	2.77	85.36
801	09/05/2021 5:9:17	150.1	2.0	178.5	47.2	72.4	39.5	5.5	47.0	0	23.8	2.52	84.23
802	09/05/2021 5:9:20	150.0	1.9	178.9	46.3	72.4	38.7	4.7	45.4	0	23.7	2.57	83.35
803	09/05/2021 5:9:23	150.0	1.9	175.6	49.5	78.7	41.7	3.3	47.0	0	24.3	2.56	82.22
804	09/05/2021 5:9:26	150.1	1.7	179.1	57.0	85.1	35.5	5.4	42.9	0	25.8	2.95	85.27
805	09/05/2021 5:9:29	150.1	2.0	176.2	48.7	74.8	42.4	3.2	47.6	0	23.9	2.5	82.05
806	09/05/2021 5:9:32	149.8	2.3	181.0	53.4	80.9	42.2	4.8	49.0	0	25.8	2.05	84.15
807	09/05/2021 5:9:35	150.0	1.7	191.2	59.0	88.1	41.8	3.3	47.1	0	27.6	2.99	82.83
808	09/05/2021 5:9:38	149.9	1.9	176.1	47.0	75.4	44.3	4.5	50.8	0	23.7	2.64	83.26
809	09/05/2021 5:9:41	150.0	2.2	180.8	64.7	93.9	47.0	4.4	53.4	1	28.1	2.27	84.69
810	09/05/2021 5:9:44	149.9	1.8	182.0	48.6	78.4	42.7	4.3	49.0	0	24.7	2.82	83.21
811	09/05/2021 5:9:47	149.9	2.3	177.3	43.2	72.2	39.3	3.0	44.3	0	23.6	2.02	81.52
812	09/05/2021 5:9:50	150.0	2.1	184.7	53.6	82.4	34.4	4.4	40.9	0	26.2	2.37	83.78
813	09/05/2021 5:9:53	150.0	2.2	178.8	53.9	79.9	42.0	3.3	47.2	0	25.5	2.18	82.5
814	09/05/2021 5:9:56	150.0	2.2	181.7	48.7	75.7	37.4	4.8	44.2	0	24.8	2.24	83.66
815	09/05/2021 5:9:59	149.9	2.0	180.8	53.4	78.6	36.4	4.0	42.4	0	25.3	2.55	83.25
816	09/05/2021 5:10:2	149.9	2.0	188.2	43.8	71.8	39.8	1.6	43.4	0	24.4	2.53	80.28
817	09/05/2021 5:10:5	150.0	1.9	186.7	62.6	91.3	33.2	4.0	39.2	1	27.9	2.73	83.99
818	09/05/2021 5:10:8	150.1	2.1	177.1	55.8	80.9	42.9	2.8	47.8	0	25.4	2.4	82.14
819	09/05/2021 5:10:11	149.9	1.7	178.1	49.0	76.6	42.3	3.1	47.4	0	24.1	2.9	82.02
820	09/05/2021 5:10:14	150.2	1.6	180.0	45.5	74.9	41.9	4.1	48.0	0	23.7	3.07	82.73
821	09/05/2021 5:10:17	150.0	2.0	184.4	53.9	82.5	40.9	2.8	45.7	0	26.1	2.57	82.04
822	09/05/2021 5:10:20	149.9	1.7	183.5	53.5	79.4	40.2	4.0	46.2	0	25.3	2.97	83.31
823	09/05/2021 5:10:23	150.0	1.8	179.2	48.9	77.7	39.2	4.8	46.0	0	24.4	2.75	83.75
824	09/05/2021 5:10:26	150.0	1.8	185.2	49.5	74.9	38.9	3.2	44.1	0	24.8	2.87	82.13
825	09/05/2021 5:10:29	150.2	1.6	173.4	44.6	71.5	39.5	4.4	45.9	0	22.5	3.04	82.9
826	09/05/2021 5:10:32	149.9	1.9	181.5	45.7	72.3	40.4	3.7	46.2	0	23.8	2.67	82.4
827	09/05/2021 5:10:35	149.9	1.9	185.5	58.2	87.5	39.4	4.6	46.0	0	27.0	2.73	84.43
828	09/05/2021 5:10:38	150.0	2.1	177.5	50.6	79.9	37.5	4.5	44.0	0	24.9	2.32	83.59
829	09/05/2021 5:10:41	149.9	1.9	185.4	55.0	82.2	36.5	4.4	42.9	0	26.2	2.69	83.86
830	09/05/2021 5:10:44	150.0	2.3	191.0	61.5	90.2	37.5	3.1	42.6	1	28.6	2.11	82.8
831	09/05/2021 5:10:47	150.1	2.0	188.9	50.0	76.7	38.5	4.2	44.7	0	25.6	2.53	83.2
832	09/05/2021 5:10:50	150.1	2.0	176.6	55.9	83.1	38.9	2.3	43.3	1	25.5	2.51	81.54
833	09/05/2021 5:10:53	150.0	1.8	180.0	49.3	76.1	39.6	4.2	45.8	0	24.3	2.8	83.17
834	09/05/2021 5:10:56	150.0	1.9	178.5	46.6	72.9	40.4	2.6	45.1	0	23.6	2.7	81.41
835	09/05/2021 5:10:59	150.1	2.1	180.0	51.0	80.2	41.6	3.8	47.4	0	25.2	2.38	82.91
836	09/05/2021 5:11:2	150.0	2.0	175.0	36.5	64.7	40.4	3.6	46.1	0	21.7	2.38	81.61
837	09/05/2021 5:11:5	150.2	2.1	180.6	50.2	80.2	35.1	5.4	42.5	0	25.2	2.31	84.52
838	09/05/2021 5:11:8	149.9	2.0	187.8	60.2	86.8	37.1	4.3	43.4	1	27.5	2.64	84.17
839	09/05/2021 5:11:11	150.0	2.4	180.7	54.1	81.3	40.4	3.6	46.1	0	26.0	1.84	82.93
840	09/05/2021 5:11:14	150.1	2.5	179.4	55.4	84.0	38.3	2.4	42.7	0	26.4	1.7	81.64
841	09/05/2021 5:11:17	150.0	2.0	176.5	60.1	87.1	40.7	3.1	45.8	1	26.3	2.52	82.76
842	09/05/2021 5:11:20	150.0	2.1	184.3	37.9	64.3	40.1	5.6	47.7	0	22.8	2.37	83.29
843	09/05/2021 5:11:23	150.1	1.8	179.2	42.5	70.6	45.1	5.3	52.4	0	23.0	2.79	83.49
844	09/05/2021 5:11:26	149.9	1.8	186.9	65.0	91.2	39.3	4.9	46.2	1	28.1	2.94	85.45
845	09/05/2021 5:11:29	150.1	2.0	188.7	42.1	69.9	36.4	4.0	42.4	0	24.1	2.53	82.32
846	09/05/2021 5:11:32	149.9	1.9	185.1	53.1	79.4	39.6	3.3	45.0	0	25.7	2.68	82.54
847	09/05/2021 5:11:35	149.8	2.2	185.7	35.1	62.5	38.9	3.7	44.6	0	22.5	2.3	81.53
848	09/05/2021 5:11:38	150.3	2.3	178.7	49.3	78.9	36.3	4.4	42.6	0	25.0	2.02	83.34
849	09/05/2021 5:11:41	149.9	1.9	185.1	39.4	67.1	36.2	1.5	39.7	0	23.0	2.76	80.08
850	09/05/2021 5:11:44	149.9	2.0	173.9	42.1	68.1	40.1	5.2	47.3	0	22.4	2.45	83.35
851	09/05/2021 5:11:47	149.9	1.8	177.9	43.9	72.5	41.7	3.0	46.6	0	23.2	2.75	81.56
852	09/05/2021 5:11:50	149.8	2.0	180.2	36.2	61.2	30.8	4.3	37.1	0	21.7	2.56	82.07
853	09/05/2021 5:11:53	150.1	1.8	186.9	54.3	80.7	39.1	2.7	43.7	1	26.0	2.88	81.87
854	09/05/2021 5:11:56	150.3	2.1	190.3	43.7	72.6	40.5	4.3	46.8	0	24.7	2.51	82.76
855	09/05/2021 5:11:59	150.2	1.8	188.8	51.2	78.5	32.5	4.1	38.6	0	25.6	2.88	83.23
856	09/05/2021 5:12:2	149.9	2.1	177.2	55.9	82.8	39.6	5.7	47.3	0	25.7	2.31	85.42
857	09/05/2021 5:12:5	150.2	1.6	183.2	50.0	79.0	35.2	1.9	39.1	1	24.8	3.09	80.82
858	09/05/2021 5:12:8	150.1	2.3	178.6	45.7	74.1	40.4	4.6	47.0	0	24.1	2.05	83.2
859	09/05/2021 5:12:11	150.0	1.8	182.7	48.5	77.4	41.9	3.5	47.4	0	24.7	2.79	82.37
860	09/05/2021 5:12:14	150.2	2.0	181.8	55.4	83.1	39.4	5.3	46.7	0	26.0	2.55	84.89
861	09/05/2021 5:12:17	150.1	2.0	177.9	43.0	68.0	40.9	2.9	45.8	0	22.9	2.47	81.45
862	09/05/2021 5:12:20	150.0	1.8	177.6	37.0	65.9	42.5	4.5	49.0	0	21.9	2.77	82.29
863	09/05/2021 5:12:23	149.9	2.2	182.8	44.0	69.5	34.8	4.3	41.1	0	23.8	2.29	82.77
864	09/05/2021 5:12:26	149.9	1.9	176.7	49.1	75.9	37.8	4.8	44.6	0	24.1	2.6	83.76
865	09/05/2021 5:12:29	149.9	1.7	183.0	43.5	73.4	38.4	4.3	44.8	0	23.7	2.97	82.77
866	09/05/2021 5:12:32	149.9	2.1	176.4	47.2	73.7	43.3	4.3	49.6	0	23.9	2.26	83.07
867	09/05/2021 5:12:35	150.0	1.9	186.1	37.9	66.5	38.8	4.4	45.2	0	23.0	2.65	82.33
868	09/05/2021 5:12:38	150.2	2.2	181.1	48.2	75.2	40.2	4.6	46.8	0	24.6	2.28	83.45
869	09/05/2021 5:12:41	150.0	2.0	177.1	49.5	76.3	37.1	3.0	42.0	0	24.3	2.51	81.89
870	09/05/2021 5:12:44	150.0	1.8	177.5	52.0	79.7	40.7	2.4	45.1	1	24.8	2.71	81.4
871	09/05/2021 5:12:47	149.9	1.9	179.1	51.1	81.1	45.2	3.9	51.1	0	25.1	2.6	82.96
872	09/05/2021 5:12:50	150.1	1.9	175.4	45.3	73.0	41.5	4.1	47.6	0	23.3	2.61	82.66
873	09/05/2021 5:12:53	150.0	2.4	174.3	52.9	79.5	39.5	4.7	46.2	0	25.1	1.87	84.05
874	09/05/2021 5:12:56	150.1	2.3	183.1	50.4	79.4	36.6	4.8	43.5	0	25.5	2.15	83.88
875	09/05/2021 5:12:59	150.0	1.9	189.8	51.9	79.5	37.9	3.1	43.0	0	26.0	2.73	82.17
876	09/05/2021 5:13:2	150.0	2.2	177.4	37.6	64.3	37.5	4.8	44.4	0	22.2	2.13	82.62
877	09/05/2021 5:13:5	150.1	2.1	184.1	57.2	86.9	36.1	4.7	42.8	0	26.9	2.46	84.47
878	09/05/2021 5:13:8	150.0	2.3	165.3	64.4	89.5	44.4	3.3	49.6	1	26.2	1.98	83.19
879	09/05/2021 5:13:11	150.0	1.9	179.3	42.9	68.4	40.5	2.9	45.4	0	23.0	2.59	81.43
880	09/05/2021 5:13:14	150.0	2.3	178.5	46.3	74.0	38.2	3.9	44.0	0	24.1	2.1	82.56
881	09/05/2021 5:13:17	150.1	2.1	176.3	56.1	81.6	37.5	3.2	42.7	0	25.5	2.36	82.52
882	09/05/2021 5:13:20	150.0	1.9	180.6	57.3	83.1	43.1	5.9	51.0	0	26.0	2.66	85.84
883	09/05/2021 5:13:23	150.0	1.8	175.4	53.5	79.4	33.7	3.1	38.8	0	24.6	2.81	82.28
884	09/05/2021 5:13:26	150.0	1.9	181.1	52.9	80.9	37.2	5.8	45.0	0	25.4	2.59	85.19
885	09/05/2021 5:13:29	149.9	2.0	170.5	53.4	81.2	42.3	2.8	47.1	0	24.5	2.46	81.96
886	09/05/2021 5:13:32	150.1	2.2	186.6	48.6	74.7	37.4	5.0	44.4	0	25.2	2.21	83.88
887	09/05/2021 5:13:35	150.0	1.9	172.0	45.3	71.6	39.3	3.0	44.2	0	22.7	2.63	81.65
888	09/05/2021 5:13:38	149.9	1.9	183.5	48.2	75.4	43.4	2.8	48.2	0	24.6	2.66	81.67
889	09/05/2021 5:13:41	150.2	1.8	175.6	47.7	75.1	35.0	4.4	41.5	0	23.6	2.77	83.21
890	09/05/2021 5:13:44	150.2	2.2	177.0	43.0	71.0	37.1	5.7	44.8	0	23.3	2.18	83.96
891	09/05/2021 5:13:47	150.1	2.1	182.1	49.6	79.6	44.0	4.2	50.2	0	25.2	2.42	83.16
892	09/05/2021 5:13:50	149.9	1.9	187.4	55.1	84.4	40.4	3.6	46.0	0	26.6	2.72	83.0
893	09/05/2021 5:13:53	150.1	2.2	176.8	42.3	69.7	37.1	4.0	43.1	0	23.1	2.17	82.33
894	09/05/2021 5:13:56	150.1	1.9	178.3	43.2	70.8	32.2	5.4	39.6	0	23.1	2.61	83.72
895	09/05/2021 5:13:59	149.9	1.8	175.7	46.9	74.5	42.6	4.6	49.1	0	23.5	2.77	83.3
896	09/05/2021 5:14:2	149.9	1.9	179.9	45.7	72.7	40.2	5.0	47.2	0	23.7	2.68	83.6
897	09/05/2021 5:14:5	149.8	1.7	182.4	46.3	73.4	42.3	3.3	47.6	0	23.9	2.96	82.04
898	09/05/2021 5:14:8	150.1	2.0	177.3	45.5	73.6	36.4	6.4	44.8	0	23.7	2.4	84.87
899	09/05/2021 5:14:11	150.0	2.2	184.5	43.5	72.1	39.1	2.3	43.4	0	24.2	2.3	80.95
900	09/05/2021 5:14:14	150.1	1.9	182.0	60.8	88.7	41.0	2.9	45.9	1	27.0	2.72	82.51
901	09/05/2021 5:14:17	150.0	2.3	183.4	48.3	73.6	38.8	4.7	45.5	0	24.8	2.11	83.52
902	09/05/2021 5:14:20	149.9	2.2	178.0	60.3	86.4	35.4	4.3	41.6	1	26.6	2.22	84.2
903	09/05/2021 5:14:23	150.0	1.5	182.2	52.0	80.6	40.6	3.4	46.0	0	25.0	3.31	82.53
904	09/05/2021 5:14:26	149.8	2.0	180.5	60.8	89.1	41.2	5.9	49.1	1	27.0	2.54	86.25
905	09/05/2021 5:14:29	150.0	1.8	183.6	53.5	82.8	39.8	3.2	45.0	0	25.8	2.89	82.35
906	09/05/2021 5:14:32	150.0	1.9	183.9	56.0	81.8	35.4	5.0	42.4	0	26.1	2.68	84.65
907	09/05/2021 5:14:35	150.0	2.3	178.3	52.9	78.9	44.0	5.9	52.0	0	25.3	2.08	85.36
908	09/05/2021 5:14:38	150.1	1.9	174.9	45.0	74.0	44.8	2.8	49.6	0	23.3	2.64	81.46
909	09/05/2021 5:14:41	149.9	1.6	181.5	49.6	77.3	38.2	5.5	45.7	0	24.5	3.09	84.54
910	09/05/2021 5:14:44	150.1	2.0	184.9	44.0	72.2	42.3	4.5	48.8	0	24.1	2.52	82.97
911	09/05/2021 5:14:47	150.0	1.9	185.1	53.3	80.1	39.0	4.2	45.2	0	25.7	2.71	83.47
912	09/05/2021 5:14:50	149.8	2.1	179.0	36.9	62.2	38.0	5.5	45.5	0	21.9	2.4	83.06
913	09/05/2021 5:14:53	150.0	1.8	184.4	54.8	84.5	38.2	1.6	41.8	1	26.1	2.89	80.68
914	09/05/2021 5:14:56	149.9	2.1	182.2	46.2	73.2	41.9	5.2	49.0	0	24.3	2.38	83.81
915	09/05/2021 5:14:59	149.9	2.0	191.1	58.9	88.1	42.4	1.7	46.1	1	27.8	2.55	80.87
916	09/05/2021 5:15:2	150.1	2.1	178.9	58.2	88.0	38.1	4.7	44.7	0	26.7	2.29	84.49
917	09/05/2021 5:15:5	149.9	2.4	173.0	41.9	70.2	40.8	5.3	48.0	0	22.9	1.84	83.43
918	09/05/2021 5:15:8	149.8	2.0	178.2	48.3	74.9	40.2	2.5	44.7	0	24.1	2.46	81.34
919	09/05/2021 5:15:11	150.0	2.3	171.8	47.8	73.1	36.1	5.0	43.1	0	23.6	1.99	83.77
920	09/05/2021 5:15:14	150.2	2.1	174.3	61.1	89.2	41.5	3.1	46.6	1	26.6	2.27	82.81
921	09/05/2021 5:15:17	150.2	2.1	180.6	43.3	70.0	39.2	4.1	45.3	0	23.5	2.36	82.5
922	09/05/2021 5:15:20	150.1	2.0	181.0	38.2	64.0	37.3	4.1	43.4	0	22.3	2.52	82.13
923	09/05/2021 5:15:23	149.9	2.1	174.3	59.7	85.7	43.6	4.3	49.9	0	26.1	2.28	84.19
924	09/05/2021 5:15:26	149.9	2.1	177.0	55.0	84.4	37.1	3.5	42.6	0	25.7	2.38	82.82
925	09/05/2021 5:15:29	150.2	1.9	185.5	47.6	74.6	36.3	5.3	43.6	0	24.7	2.69	84.07
926	09/05/2021 5:15:32	150.0	1.6	176.2	49.4	75.7	40.4	5.2	47.7	0	23.8	3.05	84.22
927	09/05/2021 5:15:35	150.1	1.8	175.8	49.1	77.3	36.6	6.3	44.9	0	24.0	2.76	85.27
928	09/05/2021 5:15:38	150.0	1.9	171.1	43.7	72.1	36.1	3.6	41.6	0	22.6	2.49	82.11
929	09/05/2021 5:15:41	149.9	1.8	180.1	54.3	79.4	42.4	4.1	48.5	0	25.2	2.8	83.46
930	09/05/2021 5:15:44	150.1	1.9	174.2	43.0	71.9	40.2	5.7	48.0	0	22.8	2.55	83.98
931	09/05/2021 5:15:47	149.9	2.0	177.8	50.6	79.7	41.4	1.1	44.5	1	24.9	2.41	80.03
932	09/05/2021 5:15:50	150.1	2.0	185.8	53.4	79.6	40.6	3.0	45.6	0	25.9	2.53	82.12
933	09/05/2021 5:15:53	150.0	2.3	180.5	54.8	79.9	37.3	4.5	43.7	0	25.9	1.98	83.93
934	09/05/2021 5:15:56	150.0	2.1	180.0	45.8	74.2	33.6	2.4	37.9	0	24.1	2.29	81.09
935	09/05/2021 5:15:59	150.0	1.9	178.1	52.0	81.4	36.0	1.0	39.1	1	25.1	2.6	79.94
936	09/05/2021 5:16:2	149.9	1.7	176.5	45.7	74.7	39.9	3.1	45.0	0	23.4	2.88	81.79
937	09/05/2021 5:16:5	150.0	2.1	178.1	44.1	71.0	37.5	4.8	44.3	0	23.4	2.4	83.28
938	09/05/2021 5:16:8	150.0	1.9	174.9	55.8	84.1	39.0	3.9	44.8	0	25.4	2.55	83.33
939	09/05/2021 5:16:11	150.0	1.8	177.1	34.8	63.4	36.6	2.9	41.5	0	21.3	2.76	80.94
940	09/05/2021 5:16:14	149.9	1.7	179.2	48.1	74.8	34.0	4.1	40.1	0	23.9	2.98	82.9
941	09/05/2021 5:16:17	150.1	1.9	172.9	42.3	67.7	37.4	3.5	42.9	0	22.2	2.61	81.91
942	09/05/2021 5:16:20	149.9	2.1	188.3	41.3	66.5	40.7	3.4	46.0	0	23.7	2.48	81.73
943	09/05/2021 5:16:23	149.9	1.7	174.5	64.1	89.3	39.6	4.3	45.9	1	26.5	2.94	84.62
944	09/05/2021 5:16:26	149.9	1.7	182.5	31.6	58.8	45.5	4.0	51.5	0	21.0	3.02	81.5
945	09/05/2021 5:16:29	150.1	1.6	189.2	52.8	80.5	39.0	4.6	45.7	0	25.8	3.22	83.95
946	09/05/2021 5:16:32	150.1	1.9	182.6	46.4	72.1	36.8	4.0	42.9	0	24.0	2.63	82.72
947	09/05/2021 5:16:35	150.1	2.2	176.0	47.0	73.0	32.6	5.7	40.3	0	23.8	2.2	84.43
948	09/05/2021 5:16:38	149.7	2.2	176.4	55.8	83.2	41.8	3.0	46.9	0	25.8	2.13	82.38
949	09/05/2021 5:16:41	150.0	2.3	193.6	54.2	81.5	43.6	4.7	50.3	0	27.2	2.26	84.13
950	09/05/2021 5:16:44	150.1	2.2	177.3	42.7	70.2	41.5	4.8	48.3	0	23.2	2.19	83.12
951	09/05/2021 5:16:47	150.1	2.1	178.3	41.3	67.9	36.1	3.5	41.6	0	22.8	2.35	81.88
952	09/05/2021 5:16:50	150.1	2.1	188.8	37.0	66.7	42.3	5.1	49.5	0	23.3	2.5	82.79
953	09/05/2021 5:16:53	150.1	2.4	177.7	58.2	85.5	45.4	3.1	50.5	0	26.6	1.84	82.54
954	09/05/2021 5:16:56	150.1	2.0	183.3	59.6	87.7	44.9	3.6	50.5	0	27.0	2.61	83.31
955	09/05/2021 5:16:59	149.9	1.9	180.6	56.7	83.0	42.9	5.2	50.0	0	25.9	2.66	84.95
956	09/05/2021 5:17:2	150.1	2.0	178.7	62.6	90.4	43.1	4.6	49.7	1	27.2	2.45	84.82
957	09/05/2021 5:17:5	150.2	2.1	183.2	53.8	80.2	36.0	3.2	41.2	0	25.9	2.33	82.45
958	09/05/2021 5:17:8	150.0	2.1	181.0	49.5	77.3	38.5	5.0	45.5	0	24.9	2.29	83.96
959	09/05/2021 5:17:11	149.9	2.2	176.8	37.8	64.1	44.6	5.8	52.4	0	22.1	2.2	83.39
960	09/05/2021 5:17:14	150.0	1.7	181.9	63.4	91.6	36.0	4.0	42.0	1	27.4	3.01	84.07
961	09/05/2021 5:17:17	150.0	1.9	178.5	49.7	76.9	37.0	4.6	43.6	0	24.4	2.59	83.56
962	09/05/2021 5:17:20	150.0	1.9	175.0	44.4	71.2	39.3	5.0	46.4	0	22.9	2.63	83.49
963	09/05/2021 5:17:23	150.2	2.4	186.2	47.0	74.0	40.6	2.9	45.5	0	25.2	1.91	81.66
964	09/05/2021 5:17:26	150.0	2.1	168.6	54.3	84.2	38.6	4.7	45.4	0	24.8	2.29	84.19
965	09/05/2021 5:17:29	150.1	2.1	176.5	53.3	78.6	38.2	3.7	43.9	0	24.9	2.37	82.93
966	09/05/2021 5:17:32	150.0	1.6	180.2	43.7	73.6	42.0	4.9	48.9	0	23.4	3.09	83.32
967	09/05/2021 5:17:35	149.9	2.2	166.6	40.5	66.2	44.4	4.6	51.0	0	21.6	2.03	82.74
968	09/05/2021 5:17:38	150.1	2.3	182.1	51.1	80.1	40.9	3.5	46.4	0	25.6	2.09	82.56
969	09/05/2021 5:17:41	150.1	2.3	181.5	57.0	84.2	37.1	5.1	44.2	0	26.6	2.09	84.93
970	09/05/2021 5:17:44	149.8	1.7	177.5	49.7	75.1	42.7	5.3	50.0	0	24.0	2.86	84.34
971	09/05/2021 5:17:47	150.0	1.5	182.2	40.6	67.7	42.0	4.3	48.3	0	22.6	3.21	82.5
972	09/05/2021 5:17:50	149.8	2.0	179.2	39.8	66.7	37.4	5.2	44.5	0	22.6	2.51	83.1
973	09/05/2021 5:17:53	150.0	2.1	185.5	52.4	77.7	43.3	3.5	48.8	0	25.7	2.35	82.62
974	09/05/2021 5:17:56	149.8	1.9	174.1	54.0	80.4	34.8	3.4	40.2	0	24.8	2.52	82.67
975	09/05/2021 5:17:59	150.1	2.1	181.9	45.9	74.2	33.6	3.5	39.1	0	24.3	2.42	82.2
976	09/05/2021 5:18:2	150.0	1.7	187.7	51.2	80.1	40.8	4.5	47.3	0	25.6	3.07	83.62
977	09/05/2021 5:18:5	150.0	2.2	187.5	40.0	67.8	35.7	5.2	43.0	0	23.8	2.22	83.2
978	09/05/2021 5:18:8	150.1	2.0	176.4	52.2	82.1	39.7	3.4	45.1	0	25.1	2.46	82.55
979	09/05/2021 5:18:11	150.1	1.9	173.2	37.4	64.1	40.0	3.9	45.9	0	21.4	2.61	81.86
980	09/05/2021 5:18:14	150.0	2.2	172.8	50.8	77.2	38.9	2.9	43.8	0	24.3	2.14	81.86
981	09/05/2021 5:18:17	150.1	1.8	172.4	46.3	72.7	38.3	4.3	44.6	0	23.0	2.66	82.98
982	09/05/2021 5:18:20	150.0	2.0	187.6	45.7	74.8	42.4	2.5	47.0	0	24.8	2.53	81.25
983	09/05/2021 5:18:23	150.1	2.3	181.0	53.6	83.5	38.1	2.5	42.6	0	26.1	2.09	81.62
984	09/05/2021 5:18:26	149.9	1.9	176.8	48.7	78.1	42.5	3.0	47.5	0	24.2	2.68	81.87
985	09/05/2021 5:18:29	150.0	2.1	169.5	51.4	78.5	41.9	5.0	48.9	0	24.1	2.21	84.19
986	09/05/2021 5:18:32	150.1	2.1	179.1	47.1	76.3	46.0	3.9	51.9	0	24.4	2.3	82.67
987	09/05/2021 5:18:35	149.9	2.0	176.4	46.5	75.4	43.8	6.0	51.8	0	23.9	2.4	84.66
988	09/05/2021 5:18:38	149.9	2.1	184.8	48.8	75.9	37.6	5.2	44.7	0	25.0	2.4	84.07
989	09/05/2021 5:18:41	150.1	2.3	180.0	38.1	65.2	37.2	3.1	42.3	0	22.6	2.12	81.29
990	09/05/2021 5:18:44	149.8	1.9	182.3	33.0	62.7	40.2	2.6	44.8	0	21.7	2.74	80.64
991	09/05/2021 5:18:47	149.9	2.0	170.8	42.4	69.7	42.2	2.8	47.0	0	22.3	2.41	81.32
992	09/05/2021 5:18:50	149.9	1.9	177.7	57.4	85.4	37.9	3.8	43.7	0	26.0	2.56	83.43
993	09/05/2021 5:18:53	149.9	2.3	179.3	57.8	86.9	40.9	4.2	47.0	0	26.7	1.98	83.86
994	09/05/2021 5:18:56	150.0	2.6	180.7	53.4	80.4	36.4	3.4	41.8	0	26.1	1.6	82.58
995	09/05/2021 5:18:59	150.0	2.3	179.0	63.3	89.6	39.8	3.7	45.5	1	27.5	2.08	83.71
996	09/05/2021 5:19:2	149.8	2.2	168.4	49.3	75.6	39.8	4.7	46.6	0	23.5	2.11	83.67
997	09/05/2021 5:19:5	150.0	1.9	180.0	53.8	79.2	37.6	3.5	43.1	0	25.2	2.65	82.76
998	09/05/2021 5:19:8	150.1	2.0	175.6	50.9	78.2	45.6	4.4	52.0	0	24.5	2.47	83.46
999	09/05/2021 5:19:11	150.0	2.2	178.1	55.8	85.8	38.4	3.6	44.0	0	26.1	2.25	83.06
1000	09/05/2021 5:19:14	150.1	2.2	175.1	60.0	89.4	37.4	4.0	43.5	0	26.6	2.21	83.88
