VarName	Date	Screw speed	Pressure	Barrel temp - zone1	Mould temperature	Extraction temperature	Cooling time	Holding time	Cycle time	Sinks	TOT - Energy cons.	Schrinkage	Piece weight
1	5/4/21 14:26	150.2	1.8	180.0	56.9	84.4	38.1	5.1	45.2	0	25.9	2.77	83.12
2	5/4/21 14:26	150.1	2.3	179.2	61.6	88.0	39.9	4.7	46.5	1	27.2	2.03	83.09
3	5/4/21 14:26	149.8	1.8	183.7	53.5	79.0	36.5	3.6	42.1	0	25.4	2.88	82.9
4	5/4/21 14:26	150.1	2.1	179.9	58.9	88.6	38.9	4.1	44.9	0	26.8	2.36	82.89
5	5/4/21 14:26	150.1	2.0	182.7	52.3	79.1	31.8	4.9	38.6	0	25.4	2.52	82.76
6	5/4/21 14:26	150.1	1.9	186.1	59.7	85.0	41.4	3.4	46.8	0	26.9	2.77	82.84
7	5/4/21 14:26	150.0	1.8	185.7	39.0	68.4	39.2	4.1	45.4	0	23.1	2.79	83.42
8	5/4/21 14:26	150.1	2.2	182.9	40.0	67.2	42.5	2.3	46.9	0	23.2	2.22	83.11
9	5/4/21 14:26	150.1	2.1	186.9	55.3	84.6	41.4	2.8	46.2	0	26.8	2.45	82.73
10	5/4/21 14:26	149.8	2.2	178.2	51.5	77.2	40.3	4.2	46.5	0	24.8	2.24	83.14
11	5/4/21 14:26	150.0	1.9	180.7	56.2	82.0	40.1	3.7	45.8	0	25.8	2.67	83.07
12	5/4/21 14:26	150.1	2.1	173.1	56.8	85.8	41.4	3.5	46.9	0	25.6	2.31	82.8
13	5/4/21 14:26	150.1	2.0	177.5	48.6	75.7	39.3	5.6	46.9	0	24.2	2.48	82.85
14	5/4/21 14:26	150.1	2.1	176.5	53.5	81.6	40.2	3.6	45.8	0	25.2	2.33	83.02
15	5/4/21 14:26	150.0	1.7	185.0	55.3	82.0	40.7	3.2	45.9	0	25.9	3.04	82.9
16	5/4/21 14:26	150.0	2.0	188.6	43.2	70.1	44.7	3.2	50.0	0	24.2	2.52	82.92
17	5/4/21 14:26	149.8	2.2	183.3	45.1	73.9	37.2	4.7	43.9	0	24.4	2.24	83.22
18	5/4/21 14:26	149.8	2.2	175.0	51.6	76.7	39.2	2.9	44.1	0	24.6	2.1	82.91
19	5/4/21 14:26	150.0	1.9	181.1	53.6	80.4	39.2	4.4	45.7	0	25.4	2.65	83.02
20	5/4/21 14:26	149.9	2.1	180.0	42.3	67.6	42.2	3.5	47.7	0	23.1	2.38	83.62
21	5/4/21 14:27	150.0	2.0	189.6	51.7	78.0	43.1	3.9	49.0	0	25.9	2.6	83.01
22	5/4/21 14:27	150.1	1.9	177.7	58.6	84.4	39.0	4.0	45.0	0	25.9	2.66	82.93
23	5/4/21 14:27	149.9	2.1	180.8	56.2	84.5	39.9	3.7	45.6	0	26.2	2.43	82.71
24	5/4/21 14:27	150.0	1.7	180.2	49.3	77.0	44.4	3.0	49.5	0	24.4	2.91	82.61
25	5/4/21 14:27	150.0	2.0	179.1	56.1	84.0	45.2	5.2	52.4	0	25.9	2.47	83.04
26	5/4/21 14:27	150.0	2.1	183.7	51.0	78.9	39.3	5.6	46.8	0	25.4	2.43	82.86
27	5/4/21 14:27	150.1	2.3	174.6	43.5	69.4	42.3	5.5	49.8	0	23.1	1.92	82.65
28	5/4/21 14:27	150.0	1.6	184.9	53.2	82.8	39.4	3.2	44.6	0	25.7	3.17	82.91
29	5/4/21 14:27	150.2	1.8	170.3	45.5	74.5	34.5	5.3	41.8	0	22.8	2.76	82.96
30	5/4/21 14:27	150.1	2.3	179.4	54.9	81.6	45.2	3.9	51.1	0	25.9	2.03	82.96
31	5/4/21 14:27	149.9	1.9	182.7	55.3	80.4	40.1	5.2	47.3	0	25.7	2.68	83.24
32	5/4/21 14:27	150.0	1.8	176.8	53.1	80.9	38.7	3.6	44.3	0	24.9	2.82	83.01
33	5/4/21 14:27	150.0	2.0	189.8	51.4	79.7	40.2	2.0	44.3	1	26.1	2.64	82.77
34	5/4/21 14:27	150.0	1.8	176.0	60.4	89.3	40.9	3.3	46.2	1	26.3	2.83	83.01
35	5/4/21 14:27	150.1	1.8	174.9	50.7	76.7	38.6	4.7	45.3	0	24.1	2.68	82.7
36	5/4/21 14:27	149.8	2.1	180.6	59.1	84.7	41.4	5.3	48.7	0	26.5	2.41	83.18
37	5/4/21 14:27	150.3	1.9	176.2	67.7	96.9	43.7	2.8	48.5	1	28.0	2.58	82.98
38	5/4/21 14:27	149.9	2.2	185.9	43.0	72.5	41.9	2.8	46.8	0	24.3	2.32	82.92
39	5/4/21 14:27	150.2	2.2	178.5	38.5	64.4	36.7	4.6	43.3	0	22.3	2.19	83.19
40	5/4/21 14:27	150.0	2.2	178.0	48.0	74.5	37.1	3.8	42.9	0	24.3	2.16	82.92
41	5/4/21 14:28	150.0	2.2	178.5	55.7	83.1	42.1	3.7	47.9	0	26.0	2.12	82.98
42	5/4/21 14:28	150.2	1.8	182.3	55.4	82.0	38.3	4.2	44.5	0	25.8	2.83	82.8
43	5/4/21 14:28	149.9	2.0	179.0	37.7	63.3	41.2	5.6	48.9	0	22.0	2.45	82.78
44	5/4/21 14:28	150.0	2.2	184.4	60.6	88.2	38.9	4.7	45.7	1	27.5	2.31	82.99
45	5/4/21 14:28	150.0	2.0	177.1	54.6	82.0	37.8	4.6	44.4	0	25.3	2.49	83.26
46	5/4/21 14:28	149.9	2.1	184.3	50.6	79.8	36.8	3.1	41.9	0	25.5	2.46	83.04
47	5/4/21 14:28	150.1	2.1	178.5	51.7	78.7	44.9	3.6	50.4	0	24.9	2.41	82.62
48	5/4/21 14:28	149.9	1.8	176.4	49.7	78.4	40.9	4.5	47.5	0	24.3	2.73	82.54
49	5/4/21 14:28	149.9	2.2	176.6	48.4	78.0	39.8	4.3	46.2	0	24.5	2.19	83.05
50	5/4/21 14:28	149.9	2.2	175.5	37.0	66.1	37.8	5.1	44.9	0	22.1	2.15	83.3
51	5/4/21 14:28	150.1	2.0	181.9	50.6	79.2	37.6	3.0	42.6	0	25.2	2.48	82.73
52	5/4/21 14:28	150.0	1.9	185.1	48.1	73.8	39.6	4.5	46.1	0	24.6	2.67	83.14
53	5/4/21 14:28	150.0	2.1	175.1	48.7	73.8	37.7	4.1	43.8	0	23.9	2.23	83.19
54	5/4/21 14:28	149.9	2.3	187.7	45.8	74.2	39.4	3.2	44.6	0	25.0	2.18	83.21
55	5/4/21 14:28	149.8	2.0	171.5	47.0	75.3	42.5	6.4	50.9	0	23.4	2.38	83.1
56	5/4/21 14:28	150.1	2.1	188.4	53.5	80.7	38.3	5.0	45.2	0	26.4	2.37	83.06
57	5/4/21 14:28	150.1	1.9	192.9	29.3	56.6	37.5	3.4	42.9	0	21.8	2.72	82.98
58	5/4/21 14:28	149.9	1.9	184.1	48.0	76.8	42.2	2.7	46.9	0	24.8	2.75	82.88
59	5/4/21 14:28	150.0	2.1	179.8	58.4	86.2	36.6	5.9	44.5	0	26.6	2.29	82.82
60	5/4/21 14:28	150.0	2.0	180.3	36.0	61.3	46.7	5.3	54.0	0	21.7	2.54	82.91
61	5/4/21 14:29	149.9	1.9	174.5	45.6	73.2	33.7	3.4	39.1	0	23.2	2.66	83.01
62	5/4/21 14:29	149.9	2.1	177.6	43.8	71.2	39.4	4.2	45.6	0	23.4	2.33	83.13
63	5/4/21 14:29	150.1	2.0	184.3	46.3	72.2	37.4	4.7	44.2	0	24.3	2.53	83.03
64	5/4/21 14:29	150.2	2.1	178.6	54.8	80.4	36.9	2.7	41.6	0	25.5	2.29	83.02
65	5/4/21 14:29	150.1	1.9	176.8	50.7	78.6	41.7	3.6	47.2	0	24.5	2.64	82.62
66	5/4/21 14:29	150.0	1.9	179.1	43.9	73.2	37.9	4.3	44.2	0	23.6	2.57	83.09
67	5/4/21 14:29	150.0	1.7	187.9	39.0	64.6	40.7	4.5	47.2	0	22.9	3.01	83.25
68	5/4/21 14:29	150.0	1.8	181.7	43.0	68.2	38.6	4.7	45.3	0	23.1	2.78	82.6
69	5/4/21 14:29	149.9	2.2	182.7	64.6	90.5	42.2	2.6	46.8	1	28.0	2.17	83.15
70	5/4/21 14:29	150.1	1.8	169.5	43.9	71.3	34.3	4.8	41.0	0	22.2	2.72	83.07
71	5/4/21 14:29	149.9	1.9	176.0	43.5	69.5	42.1	3.4	47.5	0	22.8	2.54	83.16
72	5/4/21 14:29	150.2	1.8	182.9	40.4	67.6	43.2	4.7	49.9	0	22.9	2.83	83.28
73	5/4/21 14:29	150.0	2.2	177.7	58.3	86.2	39.6	4.9	46.5	0	26.4	2.25	82.5
74	5/4/21 14:29	150.0	2.0	183.1	58.2	86.1	40.4	6.2	48.6	0	26.7	2.59	83.05
75	5/4/21 14:29	149.8	2.4	187.6	64.5	93.7	41.8	4.2	48.0	1	29.0	1.98	82.94
76	5/4/21 14:29	150.1	1.8	180.9	50.7	75.8	41.7	4.2	47.9	0	24.5	2.83	82.97
77	5/4/21 14:29	149.9	1.8	171.1	47.2	74.6	42.3	5.6	49.9	0	23.1	2.69	82.89
78	5/4/21 14:29	149.9	2.2	184.9	45.8	75.7	35.5	3.5	41.0	0	24.9	2.22	82.82
79	5/4/21 14:29	149.9	2.0	185.3	58.3	84.9	41.9	1.8	45.8	1	26.9	2.54	83.28
80	5/4/21 14:29	149.9	2.0	176.9	58.6	87.3	42.7	2.7	47.5	0	26.3	2.45	82.99
81	5/4/21 14:30	150.0	2.3	182.0	39.5	67.9	36.0	3.0	41.0	0	23.2	2.09	83.23
82	5/4/21 14:30	150.1	2.2	181.1	58.6	86.3	35.1	2.9	40.0	0	26.8	2.22	82.96
83	5/4/21 14:30	149.9	2.0	183.3	51.9	80.5	41.5	5.7	49.2	0	25.6	2.51	82.93
84	5/4/21 14:30	149.9	2.0	177.3	39.5	66.2	43.0	4.2	49.2	0	22.3	2.41	83.14
85	5/4/21 14:30	150.1	1.7	180.6	55.0	81.5	40.5	4.9	47.4	0	25.4	3.01	82.92
86	5/4/21 14:30	150.0	2.0	174.3	47.3	76.9	45.3	4.5	51.7	0	23.8	2.51	82.72
87	5/4/21 14:30	150.1	2.0	183.5	45.1	73.0	41.5	1.9	45.4	0	24.2	2.53	82.7
88	5/4/21 14:30	149.8	2.4	179.4	39.2	68.1	39.4	2.7	44.1	0	23.1	1.87	83.05
89	5/4/21 14:30	149.9	2.0	168.8	53.2	80.1	41.9	4.5	48.4	0	24.2	2.42	82.49
90	5/4/21 14:30	149.8	2.0	175.9	42.4	67.8	42.2	4.7	48.8	0	22.6	2.45	83.32
91	5/4/21 14:30	149.8	2.1	182.4	56.0	83.9	42.8	4.1	48.9	0	26.4	2.34	83.16
92	5/4/21 14:30	150.0	2.1	185.4	49.6	79.1	40.9	5.3	48.2	0	25.5	2.44	82.79
93	5/4/21 14:30	150.0	1.8	181.1	57.5	85.2	36.7	5.5	44.2	0	26.2	2.77	83.02
94	5/4/21 14:30	150.2	1.8	178.5	52.9	78.1	40.0	5.1	47.0	0	24.7	2.8	83.14
95	5/4/21 14:30	149.9	1.7	186.1	39.1	64.7	42.4	3.5	47.9	0	22.7	3.03	83.08
96	5/4/21 14:30	150.1	1.8	180.2	48.3	75.0	38.1	5.6	45.6	0	24.1	2.81	83.05
97	5/4/21 14:30	149.9	2.0	181.4	59.4	84.7	40.0	4.9	46.9	0	26.6	2.47	82.93
98	5/4/21 14:30	150.0	1.7	186.6	47.2	75.9	43.8	3.7	49.5	0	24.6	3.05	83.19
99	5/4/21 14:30	150.0	2.3	177.7	60.9	90.2	43.1	3.1	48.2	1	27.2	2.01	83.18
100	5/4/21 14:30	149.8	1.7	187.8	40.1	65.8	38.7	2.0	42.6	0	23.0	3.1	83.09
101	5/4/21 14:31	150.1	2.1	180.8	44.9	71.9	41.1	2.8	45.9	0	23.9	2.34	83.22
102	5/4/21 14:31	150.2	2.2	177.3	54.6	82.2	39.1	4.1	45.2	0	25.6	2.25	82.93
103	5/4/21 14:31	150.0	2.1	168.7	34.3	62.6	40.5	3.1	45.5	0	20.6	2.29	83.02
104	5/4/21 14:31	150.1	2.0	175.7	65.8	92.2	36.7	5.9	44.5	1	27.4	2.44	82.72
105	5/4/21 14:31	150.1	1.8	176.4	43.4	69.5	39.7	3.9	45.5	0	22.7	2.77	83.18
106	5/4/21 14:31	149.8	1.9	187.3	59.9	89.2	44.3	2.9	49.2	0	27.6	2.69	83.07
107	5/4/21 14:31	150.1	1.8	189.2	46.7	73.4	40.4	4.3	46.7	0	24.8	2.85	83.09
108	5/4/21 14:31	150.0	2.2	166.7	62.5	91.8	36.1	3.2	41.3	1	26.3	2.13	83.0
109	5/4/21 14:31	150.1	1.9	185.5	58.0	86.8	37.9	4.0	43.9	0	26.9	2.7	82.59
110	5/4/21 14:31	150.0	1.6	177.4	43.3	71.9	40.1	3.9	46.0	0	22.9	3.04	83.3
111	5/4/21 14:31	150.0	1.7	170.0	44.6	71.1	43.1	3.6	48.7	0	22.3	2.83	83.29
112	5/4/21 14:31	150.0	2.3	182.4	52.6	80.8	38.9	3.9	44.8	0	25.9	2.09	82.94
113	5/4/21 14:31	149.9	2.1	179.5	44.5	71.8	39.1	4.6	45.7	0	23.7	2.29	82.76
114	5/4/21 14:31	149.9	2.0	167.7	44.5	72.9	42.5	2.6	47.1	0	22.6	2.31	82.94
115	5/4/21 14:31	150.0	2.1	177.3	57.5	87.3	39.0	4.9	45.9	0	26.3	2.27	83.06
116	5/4/21 14:31	150.2	1.9	174.3	47.7	73.1	35.6	5.2	42.8	0	23.4	2.67	82.64
117	5/4/21 14:31	149.9	2.1	178.9	58.0	85.9	33.2	3.0	38.2	0	26.4	2.34	82.9
118	5/4/21 14:31	150.1	1.9	185.7	50.8	78.0	36.5	4.8	43.3	0	25.4	2.68	83.26
119	5/4/21 14:31	149.9	1.9	178.9	48.8	77.1	38.6	4.3	44.9	0	24.4	2.58	83.22
120	5/4/21 14:31	150.0	2.0	178.1	60.3	88.9	39.7	4.0	45.7	1	26.8	2.42	83.05
121	5/4/21 14:32	149.9	2.1	176.5	43.9	71.6	40.6	3.6	46.2	0	23.3	2.33	82.71
122	5/4/21 14:32	150.2	1.8	180.4	44.0	69.0	36.8	3.1	41.8	0	23.1	2.86	82.74
123	5/4/21 14:32	150.1	1.9	177.4	52.0	81.8	44.2	3.3	49.6	0	25.0	2.67	82.69
124	5/4/21 14:32	149.9	2.0	181.9	41.8	69.5	44.6	4.3	50.9	0	23.3	2.55	83.3
125	5/4/21 14:32	150.0	2.1	183.5	49.7	77.0	43.7	5.4	51.1	0	25.1	2.38	82.98
126	5/4/21 14:32	150.1	2.0	172.1	50.4	77.6	37.4	5.0	44.4	0	24.0	2.38	82.83
127	5/4/21 14:32	149.9	2.0	181.1	42.4	68.3	44.1	3.5	49.5	0	23.2	2.55	83.21
128	5/4/21 14:32	150.1	2.1	175.1	38.9	64.9	39.9	1.1	43.1	0	22.0	2.3	83.16
129	5/4/21 14:32	150.0	2.0	181.1	44.4	70.0	41.0	5.2	48.2	0	23.6	2.51	83.08
130	5/4/21 14:32	149.9	2.2	179.0	66.4	95.0	39.0	4.9	45.9	1	28.2	2.22	82.89
131	5/4/21 14:32	150.0	1.8	170.0	40.4	68.7	38.3	3.2	43.5	0	21.7	2.67	82.9
132	5/4/21 14:32	149.8	2.0	173.1	46.0	73.8	40.9	4.7	47.5	0	23.3	2.44	83.01
133	5/4/21 14:32	150.1	2.0	189.4	51.7	77.9	38.6	4.5	45.1	0	25.9	2.63	83.03
134	5/4/21 14:32	149.9	2.3	172.7	54.4	82.5	43.8	5.1	50.9	0	25.2	2.04	82.97
135	5/4/21 14:32	149.9	1.8	174.8	40.1	68.7	43.8	5.9	51.7	0	22.2	2.69	82.63
136	5/4/21 14:32	150.0	2.0	184.3	52.8	81.4	39.0	3.1	44.1	0	25.9	2.54	82.91
137	5/4/21 14:32	150.1	2.2	172.4	43.5	70.2	37.9	5.1	44.9	0	22.8	2.09	83.09
138	5/4/21 14:32	150.2	2.2	175.2	57.7	83.8	35.0	3.6	40.7	0	25.9	2.17	83.15
139	5/4/21 14:32	150.2	2.1	182.2	48.2	77.8	41.1	4.7	47.8	0	24.9	2.43	83.24
140	5/4/21 14:32	149.9	1.7	170.0	50.0	76.7	37.7	3.8	43.4	0	23.4	2.78	83.24
141	5/4/21 14:33	150.1	2.0	184.5	44.4	74.1	45.9	4.3	52.2	0	24.3	2.51	83.18
142	5/4/21 14:33	149.8	2.2	186.5	35.3	63.6	42.7	5.2	49.9	0	22.8	2.21	82.95
143	5/4/21 14:33	149.7	2.2	177.9	61.2	88.9	40.9	5.8	48.7	1	27.0	2.2	82.65
144	5/4/21 14:33	150.1	2.0	184.9	47.0	75.3	35.4	4.2	41.6	0	24.7	2.6	83.01
145	5/4/21 14:33	150.1	2.4	177.4	67.2	93.4	36.1	3.9	42.0	1	28.2	1.9	83.06
146	5/4/21 14:33	150.1	2.5	180.9	49.2	75.5	37.1	4.8	43.9	0	25.1	1.77	83.4
147	5/4/21 14:33	149.8	2.0	172.5	55.3	85.2	40.5	2.7	45.2	0	25.3	2.46	82.87
148	5/4/21 14:33	150.1	1.9	189.8	52.0	81.4	41.6	3.9	47.5	0	26.2	2.7	82.97
149	5/4/21 14:33	150.0	2.3	188.7	50.1	79.5	40.4	4.6	47.1	0	26.1	2.18	83.04
150	5/4/21 14:33	150.1	2.1	176.1	44.8	72.1	38.8	4.0	44.8	0	23.4	2.25	82.87
151	5/4/21 14:33	150.0	2.0	177.0	45.9	74.8	44.5	4.5	51.0	0	23.8	2.45	82.92
152	5/4/21 14:33	150.0	2.1	179.7	47.6	77.2	40.3	2.9	45.2	0	24.5	2.41	83.09
153	5/4/21 14:33	149.9	2.0	185.4	50.2	77.9	41.4	4.0	47.4	0	25.4	2.52	83.08
154	5/4/21 14:33	150.0	1.9	175.6	48.8	78.5	43.5	4.5	50.0	0	24.1	2.68	83.16
155	5/4/21 14:33	149.9	2.0	181.6	58.9	84.8	35.2	3.7	40.8	0	26.5	2.52	82.77
156	5/4/21 14:33	150.1	2.2	177.4	51.2	76.4	41.4	5.7	49.1	0	24.7	2.25	82.85
157	5/4/21 14:33	149.9	1.8	173.9	49.7	74.9	43.3	5.0	50.3	0	23.6	2.75	82.81
158	5/4/21 14:33	150.1	2.1	173.5	50.5	77.2	39.1	3.2	44.4	0	24.3	2.21	83.04
159	5/4/21 14:33	150.0	2.0	183.8	56.1	84.8	32.0	5.7	39.7	0	26.4	2.58	83.14
160	5/4/21 14:33	150.0	2.3	185.4	39.9	68.3	42.3	4.9	49.1	0	23.7	2.11	83.14
161	5/4/21 14:34	149.9	2.3	170.8	53.9	79.9	39.1	3.5	44.7	0	24.7	2.0	83.22
162	5/4/21 14:34	150.1	2.0	180.6	57.7	87.4	46.0	3.4	51.4	0	26.6	2.44	83.05
163	5/4/21 14:34	149.9	1.9	176.3	41.5	69.8	37.4	3.3	42.7	0	22.6	2.65	83.43
164	5/4/21 14:34	149.9	2.2	183.6	53.6	82.2	39.2	4.6	45.8	0	26.1	2.25	83.18
165	5/4/21 14:34	149.9	1.8	179.2	48.9	74.2	39.0	5.1	46.1	0	24.1	2.74	82.93
166	5/4/21 14:34	149.9	1.9	177.2	39.3	68.2	39.1	1.7	42.9	0	22.4	2.64	82.74
167	5/4/21 14:34	150.0	2.0	182.9	54.7	82.8	44.4	4.1	50.5	0	26.1	2.51	82.96
168	5/4/21 14:34	150.0	2.0	183.5	52.3	78.0	36.9	2.8	41.7	0	25.4	2.51	83.24
169	5/4/21 14:34	150.1	2.1	179.1	31.4	57.9	38.0	3.9	43.9	0	20.9	2.33	82.88
170	5/4/21 14:34	149.8	2.3	179.5	32.1	59.9	38.3	5.1	45.4	0	21.5	2.0	83.29
171	5/4/21 14:34	149.9	1.9	182.4	50.8	77.5	42.6	5.2	49.8	0	24.9	2.71	83.03
172	5/4/21 14:34	150.1	2.0	177.4	56.6	85.7	44.3	3.9	50.2	0	26.0	2.4	83.1
173	5/4/21 14:34	150.0	2.1	181.7	52.0	77.6	36.1	4.6	42.8	0	25.3	2.3	82.93
174	5/4/21 14:34	150.0	2.0	173.7	44.7	73.6	37.7	4.1	43.9	0	23.2	2.39	83.03
175	5/4/21 14:34	150.0	1.9	177.6	57.5	85.2	38.8	2.1	42.9	1	25.9	2.64	82.95
176	5/4/21 14:34	149.8	1.8	175.3	47.9	77.8	37.7	3.2	42.8	0	23.9	2.77	82.98
177	5/4/21 14:34	150.0	1.7	180.0	53.9	81.5	39.5	5.5	47.0	0	25.3	2.88	82.78
178	5/4/21 14:34	150.1	2.0	177.3	44.5	70.5	40.2	2.7	44.9	0	23.2	2.5	82.73
179	5/4/21 14:34	150.0	1.8	182.5	50.8	78.5	42.3	4.9	49.2	0	25.0	2.88	82.7
180	5/4/21 14:34	150.2	1.9	173.0	58.7	86.4	42.7	3.8	48.5	0	25.7	2.63	83.15
181	5/4/21 14:35	149.9	2.3	179.6	56.1	81.3	40.5	2.7	45.2	0	26.0	2.1	83.37
182	5/4/21 14:35	150.0	2.1	174.1	40.1	66.5	39.7	6.7	48.4	0	22.2	2.3	82.89
183	5/4/21 14:35	150.0	1.8	184.9	43.9	73.9	36.0	3.5	41.5	0	24.1	2.86	83.12
184	5/4/21 14:35	150.0	2.3	178.5	28.3	54.5	40.5	4.0	46.6	0	20.4	2.02	83.14
185	5/4/21 14:35	149.9	2.1	177.6	37.1	64.9	43.7	3.7	49.4	0	22.1	2.32	83.16
186	5/4/21 14:35	149.9	1.8	183.6	45.2	73.5	39.3	3.2	44.5	0	24.0	2.85	82.97
187	5/4/21 14:35	149.9	2.2	180.3	41.2	66.9	41.4	2.9	46.2	0	23.0	2.25	83.08
188	5/4/21 14:35	150.0	2.3	187.3	62.7	90.2	35.6	3.4	41.0	1	28.3	2.17	83.26
189	5/4/21 14:35	149.8	2.1	182.6	57.9	87.7	46.4	4.4	52.8	0	26.9	2.43	83.65
190	5/4/21 14:35	150.0	1.7	176.7	51.4	79.7	37.2	5.5	44.7	0	24.5	2.93	82.82
191	5/4/21 14:35	149.8	1.9	180.4	58.1	83.5	39.6	3.8	45.4	0	26.1	2.64	83.06
192	5/4/21 14:35	150.1	2.1	174.5	59.4	85.9	37.3	3.1	42.5	0	26.1	2.33	82.63
193	5/4/21 14:35	149.9	2.0	175.9	40.6	68.1	37.8	4.3	44.1	0	22.5	2.45	83.11
194	5/4/21 14:35	150.1	2.0	182.2	43.8	70.0	37.1	3.8	43.0	0	23.6	2.59	82.92
195	5/4/21 14:35	149.9	2.3	182.8	41.6	71.5	46.0	5.7	53.7	0	23.9	2.12	82.99
196	5/4/21 14:35	150.0	1.8	182.1	56.9	83.0	48.5	3.0	53.5	0	25.9	2.89	83.3
197	5/4/21 14:35	150.1	1.9	181.8	45.2	73.3	36.8	3.7	42.5	0	24.0	2.64	82.86
198	5/4/21 14:35	150.2	1.9	187.5	52.2	79.2	35.4	4.7	42.1	0	25.8	2.65	83.0
199	5/4/21 14:35	150.0	2.2	184.9	48.4	73.9	40.4	5.6	48.0	0	24.9	2.3	83.41
200	5/4/21 14:35	150.3	1.8	176.9	58.9	87.0	41.6	4.7	48.3	0	26.1	2.76	83.17
201	5/4/21 14:36	149.9	2.1	174.5	58.1	84.9	40.2	2.7	44.9	0	25.8	2.34	83.12
202	5/4/21 14:36	149.9	1.9	184.7	53.2	79.7	40.4	5.5	47.9	0	25.6	2.76	82.73
203	5/4/21 14:36	150.0	2.1	181.0	52.1	78.0	34.2	2.5	38.7	0	25.2	2.33	83.57
204	5/4/21 14:36	150.1	2.2	189.2	52.3	79.3	38.1	5.0	45.2	0	26.2	2.37	83.04
205	5/4/21 14:36	150.0	2.1	185.9	40.5	65.9	40.0	5.8	47.8	0	23.4	2.35	83.0
206	5/4/21 14:36	150.0	2.4	179.0	42.8	68.4	43.2	5.1	50.3	0	23.4	1.93	82.9
207	5/4/21 14:36	150.0	2.3	175.1	43.8	71.7	35.9	3.8	41.6	0	23.3	2.06	83.08
208	5/4/21 14:36	150.0	2.2	185.5	58.2	85.9	38.4	4.0	44.4	0	27.2	2.26	83.04
209	5/4/21 14:36	149.9	2.0	185.9	43.2	72.9	39.2	5.4	46.6	0	24.2	2.58	83.07
210	5/4/21 14:36	150.0	2.0	184.3	44.9	74.9	35.6	4.6	42.1	0	24.4	2.57	83.23
211	5/4/21 14:36	150.0	1.9	178.9	48.5	75.7	39.3	2.4	43.7	0	24.2	2.61	83.15
212	5/4/21 14:36	149.9	2.1	184.8	39.0	67.4	39.6	3.6	45.2	0	23.2	2.46	82.61
213	5/4/21 14:36	149.8	1.9	184.2	51.0	78.0	40.0	5.2	47.2	0	25.2	2.73	83.06
214	5/4/21 14:36	150.1	2.2	180.4	55.2	83.6	35.6	3.2	40.7	0	26.1	2.21	83.13
215	5/4/21 14:36	150.2	1.8	183.2	48.0	74.2	38.6	2.0	42.6	0	24.3	2.9	83.39
216	5/4/21 14:36	150.1	1.9	182.9	42.1	69.9	37.9	6.8	46.7	0	23.3	2.74	82.93
217	5/4/21 14:36	150.0	2.1	179.5	54.1	81.4	35.7	3.9	41.6	0	25.6	2.28	83.06
218	5/4/21 14:36	150.1	1.9	179.7	58.4	86.1	36.8	2.4	41.3	1	26.3	2.71	82.75
219	5/4/21 14:36	150.0	1.9	179.4	54.1	80.1	40.3	4.1	46.4	0	25.3	2.62	83.13
220	5/4/21 14:36	149.9	1.8	182.0	45.5	71.6	40.6	4.0	46.6	0	23.7	2.83	82.88
221	5/4/21 14:37	149.9	1.7	188.5	46.8	75.5	36.6	3.6	42.3	0	24.8	3.06	82.94
222	5/4/21 14:37	150.0	1.8	175.6	52.5	77.9	40.3	3.5	45.7	0	24.4	2.77	82.89
223	5/4/21 14:37	150.1	2.0	178.4	46.5	73.2	45.2	4.4	51.6	0	23.8	2.54	82.94
224	5/4/21 14:37	150.0	1.8	183.4	50.7	78.8	38.6	3.6	44.2	0	25.0	2.89	83.04
225	5/4/21 14:37	150.0	2.0	176.8	48.0	74.6	43.4	3.7	49.2	0	24.0	2.42	83.37
226	5/4/21 14:37	149.9	2.1	178.4	46.2	74.6	38.1	1.8	41.9	0	24.0	2.38	82.98
227	5/4/21 14:37	150.1	2.1	175.5	52.8	82.7	40.0	3.3	45.2	0	25.2	2.37	83.03
228	5/4/21 14:37	149.9	2.3	180.7	48.5	77.8	42.4	4.4	48.7	0	25.0	2.12	82.96
229	5/4/21 14:37	150.0	2.1	180.6	49.0	76.4	37.6	4.6	44.3	0	24.7	2.43	83.11
230	5/4/21 14:37	150.0	2.1	183.6	51.5	78.4	40.0	4.1	46.1	0	25.5	2.37	83.26
231	5/4/21 14:37	150.1	2.0	175.9	57.8	86.1	40.8	4.0	46.8	0	26.0	2.45	82.99
232	5/4/21 14:37	150.0	2.1	181.3	52.8	79.6	40.2	3.1	45.3	0	25.5	2.33	82.9
233	5/4/21 14:37	150.1	1.8	187.0	57.1	85.3	39.0	5.6	46.6	0	26.7	2.86	82.91
234	5/4/21 14:37	150.1	1.8	178.5	43.1	71.0	39.2	4.1	45.3	0	23.1	2.78	82.89
235	5/4/21 14:37	150.1	2.0	180.9	56.9	83.8	40.2	5.3	47.5	0	26.1	2.54	83.15
236	5/4/21 14:37	150.1	2.0	180.6	50.0	78.8	42.8	5.1	49.9	0	24.9	2.57	82.94
237	5/4/21 14:37	149.9	1.6	178.3	38.9	67.7	31.8	3.6	37.4	0	22.1	3.11	83.05
238	5/4/21 14:37	149.9	2.0	189.4	53.6	82.6	33.9	3.9	39.8	0	26.5	2.62	82.95
239	5/4/21 14:37	150.0	1.8	181.4	56.6	83.3	41.2	2.8	46.1	0	25.9	2.84	83.04
240	5/4/21 14:37	150.1	2.2	181.7	51.7	79.5	43.6	4.8	50.4	0	25.5	2.18	82.78
241	5/4/21 14:38	150.0	2.0	184.8	43.4	72.4	39.5	4.3	45.8	0	24.1	2.54	82.96
242	5/4/21 14:38	150.1	1.9	176.6	52.8	80.5	38.0	3.7	43.7	0	24.9	2.56	83.02
243	5/4/21 14:38	149.9	2.3	173.6	47.0	72.8	41.3	4.1	47.4	0	23.6	2.0	83.17
244	5/4/21 14:38	150.1	1.8	180.2	58.4	85.4	36.5	5.4	43.9	0	26.2	2.76	82.68
245	5/4/21 14:38	149.9	2.1	172.9	51.6	79.4	45.3	4.3	51.5	0	24.5	2.31	83.16
246	5/4/21 14:38	150.0	2.1	183.4	57.7	86.5	33.5	3.7	39.2	0	26.8	2.44	83.08
247	5/4/21 14:38	150.0	2.2	187.2	60.0	87.7	44.0	4.9	50.8	1	27.7	2.22	83.03
248	5/4/21 14:38	150.0	1.8	187.7	39.5	69.2	38.7	3.3	44.0	0	23.4	2.9	83.06
249	5/4/21 14:38	149.9	1.9	186.5	49.4	76.3	40.4	4.8	47.2	0	25.2	2.67	83.19
250	5/4/21 14:38	149.9	1.6	188.1	64.2	91.7	36.8	3.0	41.8	1	28.0	3.19	82.72
251	5/4/21 14:38	149.9	2.5	185.0	54.0	80.6	39.6	3.1	44.7	0	26.4	1.85	83.21
252	5/4/21 14:38	150.0	2.1	176.1	53.8	80.8	42.3	4.5	48.7	0	25.1	2.36	83.02
253	5/4/21 14:38	150.0	2.2	182.9	49.5	78.4	44.5	3.3	49.8	0	25.2	2.3	82.64
254	5/4/21 14:38	149.9	2.0	181.9	29.4	57.0	37.6	4.2	43.8	0	20.8	2.52	83.06
255	5/4/21 14:38	149.9	2.8	183.5	37.7	63.0	38.1	3.9	44.0	0	23.2	1.36	83.22
256	5/4/21 14:38	150.1	2.0	175.5	41.1	67.7	43.0	2.8	47.8	0	22.4	2.44	83.04
257	5/4/21 14:38	150.1	2.1	186.4	43.0	68.7	39.4	3.6	45.0	0	24.0	2.35	82.86
258	5/4/21 14:38	150.2	2.0	188.0	49.8	79.1	40.0	4.5	46.5	0	25.7	2.64	82.96
259	5/4/21 14:38	150.0	1.9	190.5	36.9	65.3	40.7	3.6	46.3	0	23.2	2.76	83.01
260	5/4/21 14:38	150.2	2.0	183.5	42.7	67.7	39.7	3.9	45.5	0	23.4	2.5	82.79
261	5/4/21 14:39	150.2	1.9	182.6	49.6	76.3	33.5	4.5	40.0	0	24.8	2.68	82.85
262	5/4/21 14:39	150.0	1.9	177.3	60.3	88.1	42.6	4.6	49.3	1	26.5	2.59	83.22
263	5/4/21 14:39	150.1	2.3	185.7	33.7	60.2	39.0	3.4	44.4	0	22.3	2.09	83.12
264	5/4/21 14:39	150.1	1.7	178.6	45.2	73.0	38.5	4.8	45.3	0	23.3	3.0	83.0
265	5/4/21 14:39	149.9	1.8	179.2	55.6	81.6	40.1	4.0	46.1	0	25.4	2.81	83.02
266	5/4/21 14:39	149.9	2.2	183.6	59.0	86.4	39.2	4.9	46.1	0	27.1	2.17	83.16
267	5/4/21 14:39	149.9	1.9	179.3	57.3	82.4	37.1	2.4	41.5	1	25.8	2.63	82.95
268	5/4/21 14:39	149.9	1.6	175.9	38.1	65.5	37.9	4.9	44.8	0	21.6	3.03	82.89
269	5/4/21 14:39	149.9	2.2	183.7	45.0	71.0	42.6	4.5	49.1	0	24.2	2.2	82.84
270	5/4/21 14:39	149.9	2.1	176.0	42.4	68.8	41.4	3.8	47.2	0	22.9	2.24	82.98
271	5/4/21 14:39	150.0	2.4	192.5	55.7	81.0	44.1	2.4	48.5	0	27.3	2.08	83.26
272	5/4/21 14:39	149.8	1.9	186.4	46.0	75.6	45.3	3.7	50.9	0	24.7	2.78	83.12
273	5/4/21 14:39	150.1	1.8	181.4	48.0	74.1	37.5	3.1	42.6	0	24.2	2.77	82.94
274	5/4/21 14:39	150.0	2.0	180.1	49.9	76.4	39.5	4.0	45.5	0	24.6	2.49	82.88
275	5/4/21 14:39	150.3	1.8	180.1	56.2	82.7	41.8	4.0	47.8	0	25.7	2.78	82.86
276	5/4/21 14:39	150.0	2.0	178.2	50.7	77.0	42.7	4.9	49.6	0	24.6	2.47	82.93
277	5/4/21 14:39	150.1	2.1	182.4	50.8	78.4	44.0	4.4	50.4	0	25.3	2.36	83.15
278	5/4/21 14:39	150.0	1.9	171.9	61.0	86.2	38.3	3.1	43.5	1	25.8	2.53	82.89
279	5/4/21 14:39	149.8	2.2	172.8	72.6	97.9	33.0	5.5	40.5	1	28.5	2.2	83.13
280	5/4/21 14:39	150.1	2.1	176.0	54.9	84.3	37.9	5.7	45.6	0	25.6	2.31	82.99
281	5/4/21 14:40	150.1	2.0	182.1	53.6	80.5	42.0	5.3	49.3	0	25.6	2.53	82.84
282	5/4/21 14:40	149.9	2.0	176.2	47.7	76.0	36.5	3.5	41.9	0	24.0	2.41	83.1
283	5/4/21 14:40	150.1	2.0	181.8	45.0	72.7	37.9	3.9	43.8	0	24.0	2.51	82.89
284	5/4/21 14:40	149.8	1.9	184.2	52.4	80.9	40.5	3.9	46.4	0	25.7	2.63	82.93
285	5/4/21 14:40	150.0	1.8	179.9	48.4	77.8	42.9	3.3	48.3	0	24.4	2.76	82.74
286	5/4/21 14:40	149.8	2.2	185.0	53.9	78.9	42.9	4.8	49.8	0	26.0	2.23	82.72
287	5/4/21 14:40	150.0	1.8	183.9	40.8	69.4	45.5	4.7	52.3	0	23.2	2.83	82.86
288	5/4/21 14:40	150.1	2.2	178.3	57.2	83.5	39.0	4.4	45.4	0	26.1	2.25	82.99
289	5/4/21 14:40	150.0	1.9	177.5	59.3	86.7	43.7	3.0	48.7	0	26.3	2.59	83.23
290	5/4/21 14:40	149.9	1.9	176.1	44.0	72.3	38.9	3.4	44.3	0	23.2	2.57	83.4
291	5/4/21 14:40	150.1	1.9	187.1	54.9	83.3	43.6	4.1	49.7	0	26.4	2.72	83.19
292	5/4/21 14:40	150.0	2.0	182.8	56.6	82.4	40.1	5.6	47.7	0	26.2	2.53	83.15
293	5/4/21 14:40	150.0	2.3	185.2	42.6	71.8	41.3	5.0	48.4	0	24.2	2.11	83.13
294	5/4/21 14:40	150.0	2.3	190.6	44.3	71.3	36.5	3.3	41.8	0	24.9	2.15	83.21
295	5/4/21 14:40	150.0	1.7	177.4	54.1	80.9	37.5	4.3	43.8	0	24.9	2.92	82.88
296	5/4/21 14:40	150.1	2.0	174.3	48.6	74.8	35.7	4.4	42.1	0	23.8	2.43	82.7
297	5/4/21 14:40	149.9	2.1	180.2	52.6	79.7	38.4	5.6	45.9	0	25.3	2.42	82.85
298	5/4/21 14:40	150.0	1.9	183.1	59.3	86.9	41.7	3.6	47.4	0	26.8	2.68	82.99
299	5/4/21 14:40	149.9	1.9	183.6	37.6	65.0	35.2	6.1	43.3	0	22.5	2.68	82.89
300	5/4/21 14:40	150.1	2.0	174.8	46.5	72.3	34.7	3.4	40.2	0	23.4	2.43	83.43
301	5/4/21 14:41	149.9	2.1	181.0	56.0	82.7	37.2	4.5	43.7	0	26.1	2.28	82.51
302	5/4/21 14:41	150.2	1.7	170.2	44.8	73.5	37.7	4.4	44.2	0	22.6	2.8	82.96
303	5/4/21 14:41	150.0	2.0	182.1	61.4	89.7	37.8	5.4	45.2	1	27.3	2.5	82.96
304	5/4/21 14:41	150.2	1.5	174.0	44.7	70.3	38.4	5.3	45.7	0	22.5	3.12	82.55
305	5/4/21 14:41	150.0	2.2	185.8	46.9	76.9	42.1	2.6	46.7	0	25.2	2.2	83.04
306	5/4/21 14:41	149.9	2.0	181.8	48.3	76.6	42.9	4.9	49.8	0	24.7	2.51	83.06
307	5/4/21 14:41	149.9	2.0	184.2	39.6	67.9	37.1	4.8	43.8	0	23.2	2.54	82.79
308	5/4/21 14:41	150.1	2.2	183.6	46.0	72.9	33.3	4.9	40.3	0	24.5	2.16	82.84
309	5/4/21 14:41	150.0	1.8	179.3	55.5	85.5	37.3	4.3	43.6	0	25.8	2.78	82.79
310	5/4/21 14:41	150.0	2.1	179.7	37.2	65.4	35.7	4.6	42.4	0	22.3	2.33	82.85
311	5/4/21 14:41	149.9	2.0	176.7	49.4	79.1	45.3	3.5	50.8	0	24.5	2.49	83.36
312	5/4/21 14:41	150.0	1.5	181.3	52.1	77.6	41.9	5.6	49.5	0	24.6	3.2	82.86
313	5/4/21 14:41	149.9	1.6	192.9	44.8	72.7	35.5	4.3	41.8	0	24.7	3.21	83.04
314	5/4/21 14:41	149.9	1.8	166.9	43.3	72.0	41.5	4.6	48.1	0	22.0	2.69	82.94
315	5/4/21 14:41	150.1	2.3	174.8	50.8	78.8	32.6	5.4	40.0	0	24.7	2.03	83.07
316	5/4/21 14:41	150.0	2.1	173.4	49.0	76.2	41.0	3.0	46.0	0	24.0	2.27	83.2
317	5/4/21 14:41	150.0	2.1	168.5	49.6	78.7	39.4	4.0	45.4	0	23.8	2.2	83.15
318	5/4/21 14:41	149.9	1.7	174.3	46.3	75.6	38.7	4.2	44.9	0	23.3	2.93	83.12
319	5/4/21 14:41	150.0	1.9	175.4	60.2	87.7	41.5	3.5	47.0	1	26.2	2.62	83.16
320	5/4/21 14:41	150.0	2.0	182.5	46.1	76.0	40.2	3.3	45.5	0	24.5	2.51	82.92
321	5/4/21 14:42	150.2	2.0	178.1	55.0	81.7	44.5	4.5	51.0	0	25.5	2.46	82.76
322	5/4/21 14:42	150.1	2.0	181.6	46.2	73.1	35.0	2.2	39.2	0	24.1	2.53	82.54
323	5/4/21 14:42	150.0	2.1	179.3	47.1	72.4	42.9	4.2	49.1	0	23.9	2.42	82.62
324	5/4/21 14:42	150.0	2.5	186.8	52.8	81.9	33.3	3.8	39.1	0	26.7	1.74	82.99
325	5/4/21 14:42	149.8	2.2	183.8	43.7	70.8	37.1	4.6	43.7	0	24.1	2.2	83.03
326	5/4/21 14:42	150.1	2.1	183.2	51.5	80.6	38.0	3.5	43.4	0	25.6	2.4	83.34
327	5/4/21 14:42	150.0	2.1	181.9	35.6	64.9	40.4	2.7	45.1	0	22.3	2.38	83.04
328	5/4/21 14:42	150.1	2.0	171.6	55.8	84.2	40.7	2.7	45.4	0	25.1	2.44	83.04
329	5/4/21 14:42	150.1	2.4	181.7	59.0	87.1	37.9	4.9	44.9	0	27.2	1.91	82.83
330	5/4/21 14:42	149.9	1.9	171.3	49.1	77.7	34.3	2.8	39.1	0	23.7	2.58	83.09
331	5/4/21 14:42	150.0	2.1	177.7	40.4	69.0	39.3	2.4	43.7	0	22.8	2.39	83.45
332	5/4/21 14:42	149.8	1.8	178.5	47.8	74.5	41.4	4.4	47.8	0	23.9	2.72	82.84
333	5/4/21 14:42	150.1	2.4	175.5	54.7	82.4	39.2	5.5	46.7	0	25.6	1.92	83.25
334	5/4/21 14:42	150.0	2.1	189.9	50.4	79.8	40.1	3.8	45.9	0	26.1	2.5	82.64
335	5/4/21 14:42	150.0	1.6	180.6	65.8	91.7	38.7	3.7	44.4	1	27.5	3.03	82.95
336	5/4/21 14:42	149.9	2.3	178.7	33.6	59.4	37.5	4.7	44.3	0	21.5	2.07	83.04
337	5/4/21 14:42	150.2	1.9	180.6	53.9	80.9	42.7	3.5	48.3	0	25.4	2.7	82.72
338	5/4/21 14:42	150.2	2.2	180.6	52.9	80.8	41.0	4.3	47.3	0	25.6	2.21	83.19
339	5/4/21 14:42	150.0	1.9	177.2	48.1	73.8	41.1	3.0	46.1	0	23.8	2.65	82.72
340	5/4/21 14:42	149.9	2.1	185.4	48.2	73.8	36.1	3.1	41.2	0	24.9	2.37	83.29
341	5/4/21 14:43	150.0	1.9	174.1	52.2	77.2	38.0	5.5	45.5	0	24.3	2.55	82.82
342	5/4/21 14:43	149.8	2.0	188.8	45.4	74.7	35.6	2.7	40.3	0	24.9	2.58	83.2
343	5/4/21 14:43	149.9	2.1	185.0	52.3	81.4	43.3	7.0	52.3	0	26.0	2.4	82.99
344	5/4/21 14:43	150.2	1.9	179.8	52.9	78.8	45.5	3.7	51.2	0	25.0	2.72	82.87
345	5/4/21 14:43	150.1	2.1	180.6	48.2	74.7	36.3	3.6	41.9	0	24.4	2.43	83.26
346	5/4/21 14:43	149.9	1.7	174.7	37.7	65.0	42.8	2.6	47.3	0	21.5	2.84	83.43
347	5/4/21 14:43	150.0	1.7	172.9	44.3	69.3	40.8	2.4	45.2	0	22.4	2.81	83.11
348	5/4/21 14:43	150.1	2.1	181.8	58.4	87.3	34.2	5.7	41.9	0	26.9	2.32	83.05
349	5/4/21 14:43	150.0	1.8	189.1	45.4	71.8	45.1	3.4	50.5	0	24.4	2.95	82.64
350	5/4/21 14:43	150.1	1.6	186.8	54.6	84.2	40.2	4.1	46.3	0	26.2	3.16	82.56
351	5/4/21 14:43	150.2	2.0	180.5	35.7	63.4	39.8	3.7	45.5	0	22.0	2.49	83.22
352	5/4/21 14:43	150.0	1.9	176.1	51.8	78.9	38.5	3.3	43.8	0	24.6	2.63	82.92
353	5/4/21 14:43	150.0	1.6	193.4	48.1	76.4	42.1	4.6	48.7	0	25.4	3.26	83.03
354	5/4/21 14:43	150.1	2.0	180.4	55.2	84.4	39.0	4.0	44.9	0	26.0	2.55	83.08
355	5/4/21 14:43	150.0	1.8	191.2	45.7	74.0	34.8	5.2	42.0	0	24.9	2.89	83.21
356	5/4/21 14:43	149.8	2.6	172.3	56.1	83.5	40.6	5.7	48.3	0	25.7	1.6	83.24
357	5/4/21 14:43	150.0	2.0	178.6	40.8	69.1	41.6	4.9	48.5	0	22.8	2.5	82.95
358	5/4/21 14:43	150.1	2.1	181.7	40.8	68.3	41.3	4.0	47.3	0	23.2	2.36	83.4
359	5/4/21 14:43	150.1	2.1	177.6	50.0	78.4	36.6	4.4	43.0	0	24.7	2.31	82.84
360	5/4/21 14:43	150.1	2.1	173.8	51.8	80.3	33.5	4.7	40.2	0	24.7	2.31	83.09
361	5/4/21 14:44	149.9	2.0	182.5	46.8	71.8	43.5	4.7	50.2	0	24.2	2.46	83.22
362	5/4/21 14:44	149.8	1.8	181.2	66.8	93.8	40.3	2.7	45.0	1	28.0	2.79	83.27
363	5/4/21 14:44	150.0	2.2	185.0	55.9	84.9	41.3	4.9	48.2	0	26.8	2.28	83.02
364	5/4/21 14:44	150.0	1.6	181.8	46.0	71.9	43.5	5.3	50.8	0	23.6	3.04	83.04
365	5/4/21 14:44	149.9	1.9	178.0	51.1	80.6	45.0	4.2	51.2	0	24.8	2.66	82.97
366	5/4/21 14:44	150.0	1.8	185.2	64.0	93.3	36.0	3.5	41.5	1	28.1	2.84	83.17
367	5/4/21 14:44	150.1	1.4	170.2	52.6	80.7	37.9	4.4	44.3	0	23.8	3.23	82.76
368	5/4/21 14:44	150.0	1.8	178.5	51.6	76.8	40.0	4.8	46.7	0	24.5	2.72	82.78
369	5/4/21 14:44	149.8	2.0	184.6	62.6	90.1	39.4	3.6	45.0	1	27.8	2.48	83.34
370	5/4/21 14:44	150.1	2.1	187.9	48.5	75.7	39.7	5.1	46.8	0	25.3	2.43	83.14
371	5/4/21 14:44	150.0	2.2	179.6	55.7	82.8	42.9	1.7	46.6	1	26.0	2.2	83.17
372	5/4/21 14:44	150.0	1.6	176.5	48.4	76.0	45.4	3.2	50.6	0	23.7	3.01	83.0
373	5/4/21 14:44	150.1	2.1	173.3	55.1	84.0	37.5	4.1	43.7	0	25.4	2.23	83.08
374	5/4/21 14:44	150.0	2.1	182.5	53.8	78.8	35.4	1.7	39.1	1	25.6	2.39	83.31
375	5/4/21 14:44	150.0	1.9	182.6	45.7	71.1	39.3	5.2	46.6	0	23.8	2.72	82.92
376	5/4/21 14:44	150.0	2.1	176.6	56.3	86.0	42.6	3.5	48.1	0	26.0	2.32	83.29
377	5/4/21 14:44	149.9	2.1	182.8	48.5	76.1	35.1	3.9	41.0	0	24.8	2.44	83.05
378	5/4/21 14:44	150.2	2.4	179.1	55.5	81.5	40.6	3.7	46.3	0	26.0	1.85	82.93
379	5/4/21 14:44	150.0	2.1	186.1	50.6	76.5	39.1	2.8	43.9	0	25.5	2.34	83.0
380	5/4/21 14:44	150.0	1.9	178.9	51.0	77.0	37.9	3.1	43.0	0	24.6	2.62	82.82
381	5/4/21 14:45	150.1	2.2	172.6	57.2	82.4	37.9	1.9	41.8	1	25.4	2.14	83.1
382	5/4/21 14:45	150.1	1.8	184.3	53.4	79.5	35.5	4.8	42.4	0	25.5	2.88	82.85
383	5/4/21 14:45	149.9	2.0	184.1	54.2	80.1	39.6	5.4	47.0	0	25.9	2.51	82.78
384	5/4/21 14:45	150.0	1.7	175.3	47.0	75.3	41.1	4.4	47.4	0	23.5	2.87	83.06
385	5/4/21 14:45	150.0	1.6	192.3	43.9	69.9	39.4	4.2	45.6	0	24.2	3.27	83.24
386	5/4/21 14:45	150.1	2.4	184.1	51.0	76.2	41.4	3.2	46.6	0	25.5	2.01	83.11
387	5/4/21 14:45	150.0	2.2	182.0	45.8	73.8	42.3	4.7	49.0	0	24.4	2.22	83.05
388	5/4/21 14:45	150.2	1.9	179.0	45.5	71.1	40.8	4.9	47.6	0	23.4	2.68	82.9
389	5/4/21 14:45	149.9	1.9	171.3	44.7	73.0	38.6	2.6	43.2	0	22.8	2.49	83.15
390	5/4/21 14:45	150.1	2.1	185.3	44.0	69.4	41.5	3.1	46.6	0	24.0	2.33	83.1
391	5/4/21 14:45	150.0	2.3	182.9	62.4	89.6	39.2	5.7	46.9	1	27.8	2.13	82.98
392	5/4/21 14:45	150.0	1.8	177.7	52.6	80.5	42.3	4.1	48.4	0	24.8	2.85	83.2
393	5/4/21 14:45	150.1	1.9	190.7	62.8	90.9	41.5	4.3	47.8	1	28.3	2.81	82.92
394	5/4/21 14:45	150.3	2.0	184.3	47.7	76.2	39.3	5.7	47.1	0	24.9	2.48	82.88
395	5/4/21 14:45	150.0	2.0	186.7	43.3	72.4	42.9	4.0	48.8	0	24.2	2.56	82.88
396	5/4/21 14:45	149.8	2.6	181.3	42.2	70.9	36.7	4.5	43.2	0	24.1	1.58	83.0
397	5/4/21 14:45	150.0	1.9	184.3	41.1	66.8	44.9	2.7	49.6	0	23.1	2.77	82.99
398	5/4/21 14:45	149.8	1.5	179.2	55.3	83.1	41.7	3.5	47.2	0	25.3	3.19	83.5
399	5/4/21 14:45	149.9	2.0	168.2	43.1	72.4	41.0	5.8	48.7	0	22.4	2.31	83.13
400	5/4/21 14:45	150.0	2.2	177.9	51.1	76.8	41.4	2.9	46.4	0	24.8	2.18	83.35
401	5/4/21 14:46	150.1	1.9	179.8	38.2	65.9	41.8	4.3	48.1	0	22.3	2.71	83.08
402	5/4/21 14:46	150.2	2.5	180.2	43.4	69.5	33.9	4.7	40.6	0	23.8	1.82	83.16
403	5/4/21 14:46	149.9	2.3	176.5	57.0	83.4	40.6	2.8	45.4	0	25.9	2.08	82.9
404	5/4/21 14:46	150.1	1.8	169.8	50.2	77.9	43.9	3.0	48.9	0	23.6	2.65	82.95
405	5/4/21 14:46	149.9	2.4	178.0	37.1	65.8	34.0	2.8	38.8	0	22.5	1.92	83.1
406	5/4/21 14:46	149.9	2.0	182.5	52.4	79.1	42.0	4.9	48.9	0	25.4	2.58	83.07
407	5/4/21 14:46	150.1	1.9	181.0	60.8	85.9	46.8	4.9	53.7	1	26.7	2.69	83.0
408	5/4/21 14:46	150.0	1.9	175.1	51.5	79.3	38.5	3.8	44.3	0	24.5	2.57	83.37
409	5/4/21 14:46	150.0	2.0	176.7	62.8	91.8	38.4	3.0	43.3	1	27.2	2.4	82.86
410	5/4/21 14:46	150.0	2.4	180.6	42.4	72.0	35.9	3.9	41.8	0	23.8	1.98	82.79
411	5/4/21 14:46	150.0	2.0	178.2	45.6	75.3	37.1	3.4	42.6	0	23.9	2.44	83.08
412	5/4/21 14:46	150.0	1.7	182.0	53.1	80.2	38.2	2.8	43.1	1	25.2	2.98	83.14
413	5/4/21 14:46	150.1	2.2	177.6	48.3	74.9	41.1	5.1	48.2	0	24.2	2.23	83.07
414	5/4/21 14:46	149.8	2.1	171.4	58.3	87.4	40.2	4.2	46.5	0	25.8	2.26	82.86
415	5/4/21 14:46	150.1	2.1	187.7	47.6	75.9	41.1	5.0	48.1	0	25.2	2.44	82.72
416	5/4/21 14:46	149.9	1.7	182.7	46.0	72.7	37.9	3.9	43.8	0	23.9	2.93	82.85
417	5/4/21 14:46	150.0	1.9	184.5	53.7	81.4	37.9	3.2	43.0	0	25.8	2.73	83.1
418	5/4/21 14:46	150.1	2.0	180.7	53.3	82.2	38.1	6.3	46.4	0	25.6	2.5	82.85
419	5/4/21 14:46	149.9	1.8	172.2	56.6	81.9	42.7	4.7	49.4	0	24.8	2.78	83.18
420	5/4/21 14:46	150.0	2.2	180.0	57.5	85.6	42.4	4.7	49.1	0	26.5	2.21	82.82
421	5/4/21 14:47	150.1	2.4	174.7	40.9	69.7	42.8	4.3	49.1	0	22.9	1.88	83.02
422	5/4/21 14:47	150.1	2.4	188.5	50.4	75.6	44.0	6.1	52.1	0	25.9	1.96	82.94
423	5/4/21 14:47	150.1	2.1	178.2	47.0	73.6	37.8	2.2	42.0	0	24.0	2.38	82.73
424	5/4/21 14:47	150.1	1.8	177.4	51.0	80.5	42.1	3.0	47.1	0	24.7	2.8	82.78
425	5/4/21 14:47	150.1	1.9	179.5	47.8	77.4	39.9	4.9	46.8	0	24.4	2.63	83.07
426	5/4/21 14:47	150.0	1.9	176.1	44.9	70.1	38.5	2.6	43.1	0	23.0	2.55	83.16
427	5/4/21 14:47	150.1	2.4	175.7	53.4	83.0	36.2	5.1	43.3	0	25.6	1.86	83.12
428	5/4/21 14:47	149.9	2.2	177.8	49.9	76.6	40.6	4.4	47.0	0	24.7	2.13	83.05
429	5/4/21 14:47	149.9	2.0	175.5	54.6	82.9	43.0	2.7	47.7	0	25.3	2.52	82.78
430	5/4/21 14:47	150.1	1.8	180.9	48.8	78.6	36.7	3.1	41.9	0	24.6	2.8	82.7
431	5/4/21 14:47	150.0	1.9	177.8	36.5	66.2	38.0	4.7	44.7	0	22.0	2.59	82.98
432	5/4/21 14:47	150.0	2.1	180.2	54.1	79.6	39.7	4.5	46.2	0	25.5	2.33	83.03
433	5/4/21 14:47	150.0	2.0	179.9	49.9	77.7	36.9	2.7	41.7	0	24.7	2.53	83.01
434	5/4/21 14:47	149.9	2.1	178.6	51.2	80.3	34.5	4.2	40.7	0	25.1	2.28	82.76
435	5/4/21 14:47	150.1	1.8	179.8	57.0	86.0	38.6	4.8	45.4	0	26.0	2.87	82.8
436	5/4/21 14:47	150.0	1.7	172.4	46.0	71.0	41.7	3.4	47.1	0	22.6	2.93	83.11
437	5/4/21 14:47	150.3	2.2	182.2	46.4	75.8	35.6	3.0	40.6	0	24.7	2.19	82.75
438	5/4/21 14:47	149.9	2.2	181.9	56.4	83.6	42.7	4.2	48.9	0	26.4	2.27	83.05
439	5/4/21 14:47	149.9	2.1	184.2	49.8	77.2	46.1	4.7	52.7	0	25.2	2.42	82.89
440	5/4/21 14:47	150.2	2.0	181.7	57.0	83.7	40.2	2.1	44.4	1	26.2	2.52	83.22
441	5/4/21 14:48	149.9	2.1	175.2	40.8	66.2	39.1	3.3	44.4	0	22.3	2.3	82.94
442	5/4/21 14:48	150.0	2.0	178.4	56.6	83.7	42.5	3.9	48.4	0	25.8	2.55	83.25
443	5/4/21 14:48	150.0	2.0	178.7	50.6	76.0	40.1	2.9	45.0	0	24.5	2.55	83.26
444	5/4/21 14:48	150.0	2.1	187.9	39.2	65.4	36.6	5.2	43.8	0	23.3	2.46	83.35
445	5/4/21 14:48	149.9	1.9	180.1	58.3	85.5	39.4	2.7	44.2	0	26.3	2.58	82.97
446	5/4/21 14:48	149.9	2.1	174.3	60.7	89.9	42.7	3.8	48.5	1	26.6	2.24	82.99
447	5/4/21 14:48	150.0	1.8	170.8	51.4	80.9	38.0	4.2	44.3	0	24.1	2.67	83.09
448	5/4/21 14:48	150.2	2.1	185.0	53.2	82.7	41.6	4.4	48.0	0	26.2	2.41	83.05
449	5/4/21 14:48	149.9	2.0	184.9	46.0	73.3	40.4	3.7	46.1	0	24.4	2.57	83.14
450	5/4/21 14:48	150.0	1.9	177.9	52.0	80.7	42.6	3.6	48.2	0	25.0	2.65	82.94
451	5/4/21 14:48	150.0	2.0	179.9	58.7	85.1	39.6	4.1	45.7	0	26.4	2.54	82.79
452	5/4/21 14:48	150.1	2.0	186.8	52.7	81.0	43.6	5.3	50.9	0	26.1	2.49	83.14
453	5/4/21 14:48	150.0	1.8	167.3	70.8	98.6	42.8	4.3	49.1	1	27.5	2.65	83.16
454	5/4/21 14:48	150.1	2.4	177.4	60.1	87.3	44.6	4.2	50.8	1	26.9	1.88	83.08
455	5/4/21 14:48	150.1	2.6	173.6	56.9	83.0	44.2	3.1	49.3	0	26.0	1.47	82.94
456	5/4/21 14:48	150.1	2.1	172.3	45.2	74.6	41.4	4.4	47.9	0	23.3	2.24	82.95
457	5/4/21 14:48	150.2	2.2	175.7	41.3	67.4	43.1	5.6	50.7	0	22.6	2.23	82.8
458	5/4/21 14:48	150.1	2.3	178.6	54.0	83.4	38.5	4.5	45.0	0	25.9	1.99	82.67
459	5/4/21 14:48	149.9	1.9	185.8	59.3	87.4	42.0	3.2	47.2	0	27.1	2.74	83.17
460	5/4/21 14:48	149.9	1.8	192.4	37.6	63.2	47.7	5.3	54.9	0	23.2	2.86	82.69
461	5/4/21 14:49	150.0	1.7	175.1	55.4	84.0	38.9	4.7	45.6	0	25.1	2.92	83.18
462	5/4/21 14:49	150.1	2.1	178.9	41.7	66.8	35.7	3.3	41.0	0	22.9	2.28	82.84
463	5/4/21 14:49	150.1	1.8	177.7	60.5	87.8	42.2	4.7	48.9	1	26.4	2.83	83.17
464	5/4/21 14:49	149.9	2.0	184.0	57.1	86.3	39.4	3.4	44.7	0	26.7	2.58	83.06
465	5/4/21 14:49	150.0	1.9	183.3	54.3	81.4	41.5	3.6	47.2	0	25.8	2.69	83.07
466	5/4/21 14:49	150.2	2.1	184.4	46.7	75.7	39.0	4.5	45.5	0	24.8	2.43	82.85
467	5/4/21 14:49	150.0	2.2	183.4	43.5	69.3	42.3	3.3	47.6	0	23.8	2.22	83.23
468	5/4/21 14:49	150.0	1.7	180.4	52.3	78.6	35.7	3.4	41.1	0	24.8	3.0	82.93
469	5/4/21 14:49	150.0	1.5	174.9	54.2	81.4	43.2	4.8	50.0	0	24.5	3.2	83.16
470	5/4/21 14:49	150.0	1.9	171.1	45.1	73.9	38.1	4.4	44.5	0	22.9	2.51	82.93
471	5/4/21 14:49	150.0	2.2	174.9	57.2	85.0	38.9	3.6	44.5	0	25.9	2.16	82.58
472	5/4/21 14:49	150.1	2.1	180.6	63.3	91.2	40.2	3.9	46.1	1	27.6	2.37	83.06
473	5/4/21 14:49	149.9	2.1	184.5	46.3	71.6	37.5	4.0	43.5	0	24.3	2.46	83.12
474	5/4/21 14:49	149.9	2.2	179.3	58.1	86.8	44.3	5.1	51.5	0	26.6	2.17	82.9
475	5/4/21 14:49	149.7	1.9	174.6	37.0	64.1	36.9	3.5	42.3	0	21.5	2.59	83.35
476	5/4/21 14:49	150.2	2.0	180.3	49.1	79.0	39.7	4.2	45.9	0	24.9	2.48	82.59
477	5/4/21 14:49	149.8	2.1	171.3	39.2	68.2	38.5	2.9	43.4	0	21.9	2.3	83.49
478	5/4/21 14:49	150.1	1.8	183.3	45.2	75.0	42.5	3.3	47.8	0	24.1	2.84	82.76
479	5/4/21 14:49	149.9	2.2	178.8	60.0	88.1	44.6	6.2	52.8	0	26.8	2.26	82.96
480	5/4/21 14:49	150.0	2.1	183.5	51.8	78.4	43.1	3.2	48.3	0	25.4	2.44	83.33
481	5/4/21 14:50	150.0	2.3	183.7	37.9	65.1	41.2	3.7	46.9	0	22.9	2.16	82.99
482	5/4/21 14:50	150.0	1.9	178.1	59.1	87.7	37.8	2.1	41.9	1	26.4	2.57	83.09
483	5/4/21 14:50	150.0	2.1	177.3	60.4	89.5	42.5	4.6	49.2	1	26.8	2.31	82.99
484	5/4/21 14:50	149.8	1.9	180.6	49.1	78.5	41.1	4.6	47.7	0	24.7	2.69	82.76
485	5/4/21 14:50	150.0	2.0	186.2	56.0	81.4	37.7	3.9	43.6	0	26.4	2.51	83.24
486	5/4/21 14:50	150.1	1.9	184.5	54.4	80.7	38.5	4.9	45.4	0	25.8	2.74	82.96
487	5/4/21 14:50	149.9	1.9	182.8	47.8	73.8	38.8	2.7	43.5	0	24.3	2.73	82.96
488	5/4/21 14:50	150.0	1.5	172.2	53.0	82.1	42.2	3.9	48.1	0	24.3	3.12	83.03
489	5/4/21 14:50	150.1	2.1	175.3	49.1	77.5	32.3	4.1	38.4	0	24.3	2.27	82.97
490	5/4/21 14:50	150.1	2.1	171.7	47.7	72.8	45.6	3.7	51.3	0	23.3	2.25	82.89
491	5/4/21 14:50	150.0	2.0	178.3	45.6	72.9	37.3	4.6	43.9	0	23.6	2.52	82.89
492	5/4/21 14:50	150.2	2.0	184.8	48.4	74.1	36.8	5.3	44.1	0	24.7	2.54	83.02
493	5/4/21 14:50	149.8	2.2	185.3	38.5	63.9	41.3	3.4	46.7	0	23.0	2.22	83.12
494	5/4/21 14:50	149.9	2.1	189.7	45.7	73.0	40.0	6.8	48.8	0	24.9	2.47	82.87
495	5/4/21 14:50	149.9	1.8	182.3	32.5	59.3	42.2	3.7	47.8	0	21.2	2.79	82.89
496	5/4/21 14:50	150.1	1.8	179.9	54.4	84.0	46.2	4.1	52.3	0	25.6	2.82	82.75
497	5/4/21 14:50	150.1	2.3	175.4	51.6	81.2	40.3	4.0	46.3	0	25.1	1.96	83.2
498	5/4/21 14:50	149.9	2.2	173.2	50.2	75.5	40.0	4.8	46.8	0	24.1	2.14	83.1
499	5/4/21 14:50	149.8	1.9	177.6	61.4	88.6	43.8	2.7	48.5	1	26.7	2.57	83.17
500	5/4/21 14:50	150.0	2.3	181.6	65.1	93.7	36.9	5.4	44.2	1	28.3	2.1	83.22
501	5/4/21 14:51	149.9	1.9	185.2	43.3	71.4	33.6	3.6	39.3	0	23.9	2.75	82.96
502	5/4/21 14:51	150.0	1.9	179.6	64.3	90.6	45.4	3.3	50.7	1	27.3	2.71	82.67
503	5/4/21 14:51	149.9	2.1	172.9	39.9	68.4	40.3	4.3	46.6	0	22.2	2.24	83.36
504	5/4/21 14:51	150.3	2.2	163.5	44.6	72.4	41.2	3.8	47.0	0	22.2	2.06	83.15
505	5/4/21 14:51	150.1	2.0	177.3	59.0	87.1	38.4	2.5	42.9	0	26.4	2.43	82.96
506	5/4/21 14:51	150.1	1.7	183.3	43.4	72.5	37.5	3.7	43.1	0	23.6	3.0	83.25
507	5/4/21 14:51	149.9	1.6	176.6	49.2	74.7	42.3	3.5	47.9	0	23.6	3.08	83.05
508	5/4/21 14:51	149.9	2.1	186.9	61.1	90.4	40.2	4.6	46.8	1	27.9	2.46	82.85
509	5/4/21 14:51	150.1	2.1	186.9	56.5	86.0	38.5	4.2	44.7	0	27.1	2.39	83.11
510	5/4/21 14:51	150.0	2.2	187.8	44.7	74.3	37.2	5.5	44.7	0	24.9	2.3	83.06
511	5/4/21 14:51	150.0	2.0	174.5	53.8	82.5	39.9	3.4	45.3	0	25.0	2.5	83.03
512	5/4/21 14:51	150.0	2.1	176.2	52.6	78.1	38.2	3.8	44.1	0	24.8	2.34	82.8
513	5/4/21 14:51	149.7	1.9	177.9	31.3	59.0	35.6	4.3	41.9	0	20.7	2.67	82.99
514	5/4/21 14:51	150.0	1.9	171.2	37.4	63.1	41.8	2.6	46.4	0	21.1	2.58	82.87
515	5/4/21 14:51	150.3	2.2	179.9	42.9	68.3	39.2	3.3	44.6	0	23.3	2.22	82.92
516	5/4/21 14:51	150.0	2.0	187.9	53.0	78.2	36.4	2.9	41.3	0	25.9	2.58	82.9
517	5/4/21 14:51	150.1	2.0	178.7	38.8	65.1	41.7	3.5	47.3	0	22.3	2.43	83.2
518	5/4/21 14:51	150.1	2.2	187.3	46.3	74.2	41.5	2.4	45.9	0	25.0	2.31	82.86
519	5/4/21 14:51	149.9	1.9	182.1	44.7	70.6	39.6	3.2	44.8	0	23.7	2.64	83.11
520	5/4/21 14:51	149.9	1.8	180.1	54.8	84.2	41.0	3.5	46.5	0	25.7	2.86	82.89
521	5/4/21 14:52	150.0	1.7	176.7	48.4	75.3	42.5	3.5	48.0	0	23.8	2.85	82.81
522	5/4/21 14:52	149.9	2.2	178.9	47.6	75.7	41.4	5.1	48.5	0	24.4	2.16	82.98
523	5/4/21 14:52	150.0	1.7	176.2	42.6	70.7	39.0	5.2	46.2	0	22.7	2.85	83.02
524	5/4/21 14:52	149.9	2.1	177.8	47.8	74.3	38.7	3.9	44.6	0	24.1	2.31	82.73
525	5/4/21 14:52	150.1	1.8	179.7	57.3	85.6	43.2	4.0	49.3	0	26.0	2.82	82.99
526	5/4/21 14:52	150.3	2.0	186.7	48.2	74.1	37.0	3.8	42.8	0	24.9	2.58	83.1
527	5/4/21 14:52	150.1	2.1	180.7	45.7	75.1	45.9	4.1	52.0	0	24.3	2.32	82.86
528	5/4/21 14:52	150.0	2.0	180.5	50.1	75.3	41.2	5.1	48.2	0	24.6	2.47	83.17
529	5/4/21 14:52	150.0	1.8	171.5	42.6	69.3	43.5	4.6	50.1	0	22.2	2.67	82.7
530	5/4/21 14:52	150.0	1.5	183.7	39.9	65.9	36.9	3.9	42.8	0	22.5	3.22	82.78
531	5/4/21 14:52	150.2	1.7	179.2	57.4	86.4	45.7	3.8	51.4	0	26.0	2.96	82.71
532	5/4/21 14:52	150.1	1.9	181.9	54.7	84.6	39.8	4.7	46.5	0	26.0	2.64	83.36
533	5/4/21 14:52	150.1	2.1	183.8	60.6	89.4	40.8	4.4	47.1	1	27.5	2.35	82.99
534	5/4/21 14:52	150.0	1.8	176.7	47.2	75.4	40.1	3.9	45.9	0	23.8	2.7	82.88
535	5/4/21 14:52	150.1	1.7	173.1	52.2	82.1	39.3	3.0	44.3	0	24.4	2.87	83.0
536	5/4/21 14:52	150.1	2.1	175.9	46.1	76.1	35.6	5.1	42.7	0	24.0	2.25	83.04
537	5/4/21 14:52	150.0	2.1	170.8	52.8	80.9	41.0	3.1	46.1	0	24.5	2.32	83.14
538	5/4/21 14:52	150.1	2.0	182.2	45.6	73.4	43.0	3.6	48.7	0	24.1	2.58	83.1
539	5/4/21 14:52	150.0	1.9	179.9	44.0	73.1	34.2	5.3	41.6	0	23.6	2.6	83.31
540	5/4/21 14:52	149.9	2.0	182.8	56.4	85.6	39.0	1.9	42.9	1	26.5	2.48	83.01
541	5/4/21 14:53	150.1	2.1	170.8	52.9	82.2	42.0	4.4	48.3	0	24.7	2.28	83.09
542	5/4/21 14:53	149.9	1.9	180.0	55.1	81.5	41.2	3.0	46.1	0	25.6	2.65	82.94
543	5/4/21 14:53	150.1	2.0	184.4	40.8	70.5	41.8	4.0	47.8	0	23.6	2.58	83.0
544	5/4/21 14:53	150.0	1.8	178.6	57.0	83.7	37.9	4.1	44.0	0	25.7	2.83	83.16
545	5/4/21 14:53	150.1	2.2	176.1	50.8	77.4	45.9	4.6	52.6	0	24.6	2.14	83.08
546	5/4/21 14:53	150.1	2.0	187.2	51.1	80.2	32.9	5.3	40.2	0	25.9	2.56	83.02
547	5/4/21 14:53	150.0	2.2	182.4	37.2	62.3	44.8	4.6	51.4	0	22.4	2.26	83.02
548	5/4/21 14:53	150.1	1.9	188.4	47.7	76.7	36.4	3.1	41.5	0	25.2	2.77	83.24
549	5/4/21 14:53	149.9	1.7	169.2	46.3	74.7	42.6	4.3	49.0	0	22.7	2.86	83.27
550	5/4/21 14:53	150.1	2.3	184.4	54.9	82.1	38.9	4.4	45.3	0	26.4	2.1	83.19
551	5/4/21 14:53	149.9	2.2	175.1	59.2	88.2	44.2	3.8	50.1	0	26.4	2.14	83.23
552	5/4/21 14:53	150.0	1.9	186.5	53.3	78.6	39.5	4.9	46.4	0	25.7	2.79	83.22
553	5/4/21 14:53	150.0	2.0	179.1	61.9	90.5	33.3	3.3	38.6	1	27.2	2.46	82.97
554	5/4/21 14:53	150.0	2.0	185.9	58.9	88.9	38.4	5.1	45.5	0	27.3	2.61	83.13
555	5/4/21 14:53	149.9	1.7	178.6	43.9	70.3	39.2	3.8	45.0	0	23.0	2.86	82.94
556	5/4/21 14:53	150.0	2.2	182.7	44.5	73.8	37.4	2.1	41.5	0	24.3	2.18	83.0
557	5/4/21 14:53	150.2	1.8	176.3	39.7	68.0	40.9	2.9	45.7	0	22.2	2.83	82.68
558	5/4/21 14:53	150.1	2.1	180.8	44.3	72.1	38.3	3.3	43.6	0	23.8	2.38	82.7
559	5/4/21 14:53	150.1	2.0	188.3	47.7	77.2	43.1	4.0	49.1	0	25.3	2.57	83.28
560	5/4/21 14:53	150.0	2.0	184.2	42.3	71.5	39.7	4.1	45.7	0	23.7	2.61	83.26
561	5/4/21 14:54	149.9	1.8	179.9	54.5	84.3	35.2	6.0	43.2	0	25.7	2.74	83.28
562	5/4/21 14:54	150.0	2.1	173.8	50.4	79.0	37.4	2.2	41.7	1	24.5	2.23	83.0
563	5/4/21 14:54	150.0	1.7	184.9	46.7	75.8	36.3	4.3	42.6	0	24.5	2.98	83.24
564	5/4/21 14:54	149.9	1.7	176.1	69.0	98.7	36.0	3.7	41.7	1	28.0	2.95	83.23
565	5/4/21 14:54	149.9	2.5	174.0	53.9	82.1	40.3	2.5	44.9	0	25.5	1.76	82.98
566	5/4/21 14:54	150.1	1.9	177.2	46.5	73.9	38.1	3.6	43.7	0	23.7	2.57	82.9
567	5/4/21 14:54	150.1	2.1	178.8	58.4	86.8	41.7	2.9	46.7	0	26.5	2.26	83.02
568	5/4/21 14:54	149.9	2.2	182.1	44.0	72.4	40.3	5.9	48.2	0	24.1	2.2	83.04
569	5/4/21 14:54	149.9	1.9	182.6	52.1	81.6	39.5	2.7	44.3	0	25.5	2.66	83.42
570	5/4/21 14:54	149.8	2.1	177.5	48.6	78.1	42.5	4.0	48.5	0	24.5	2.38	82.95
571	5/4/21 14:54	150.1	2.0	181.1	46.2	74.7	41.3	3.4	46.8	0	24.2	2.45	82.72
572	5/4/21 14:54	150.0	2.2	182.1	50.1	78.4	37.9	2.8	42.6	0	25.3	2.2	82.95
573	5/4/21 14:54	150.1	1.9	182.6	49.2	74.4	41.0	4.5	47.5	0	24.5	2.69	82.84
574	5/4/21 14:54	150.0	2.0	181.5	62.6	91.1	38.3	3.3	43.5	1	27.5	2.47	83.16
575	5/4/21 14:54	150.0	2.1	179.6	49.4	77.2	41.3	7.0	50.3	0	24.8	2.27	83.09
576	5/4/21 14:54	150.0	1.7	183.1	56.3	82.6	41.9	4.0	47.9	0	25.9	2.95	82.95
577	5/4/21 14:54	149.9	2.3	176.1	38.6	65.2	44.8	5.0	51.8	0	22.3	1.95	82.86
578	5/4/21 14:54	150.1	2.0	182.0	49.4	79.0	44.5	4.5	50.9	0	25.1	2.45	82.79
579	5/4/21 14:54	150.0	2.3	175.4	37.4	63.8	39.0	3.5	44.4	0	22.0	2.01	82.67
580	5/4/21 14:54	150.0	2.0	181.4	52.3	79.4	46.1	4.3	52.5	0	25.4	2.44	83.01
581	5/4/21 14:55	150.0	1.7	190.8	53.1	80.5	42.9	3.1	47.9	0	26.1	3.07	82.95
582	5/4/21 14:55	150.1	1.9	185.2	39.7	68.0	43.2	4.9	50.1	0	23.2	2.66	83.2
583	5/4/21 14:55	150.0	2.5	179.3	47.7	75.9	37.4	5.3	44.7	0	24.8	1.68	83.13
584	5/4/21 14:55	149.9	2.2	185.3	47.2	73.9	38.3	2.5	42.8	0	24.9	2.2	82.85
585	5/4/21 14:55	150.0	2.1	177.3	50.1	80.0	43.3	3.9	49.2	0	24.8	2.36	82.85
586	5/4/21 14:55	150.0	2.0	185.4	58.6	85.3	45.7	3.8	51.5	0	26.9	2.57	82.84
587	5/4/21 14:55	150.0	2.1	181.4	58.2	86.9	39.0	3.4	44.4	0	26.7	2.37	82.91
588	5/4/21 14:55	149.9	1.8	181.3	47.1	72.3	42.2	3.5	47.7	0	23.9	2.79	83.16
589	5/4/21 14:55	150.0	2.0	179.7	51.4	80.3	36.8	4.6	43.4	0	25.2	2.46	83.2
590	5/4/21 14:55	150.1	2.3	176.2	59.4	86.0	41.3	4.8	48.1	0	26.4	2.03	83.06
591	5/4/21 14:55	150.1	2.1	176.9	51.0	77.1	38.4	3.0	43.5	0	24.6	2.25	83.21
592	5/4/21 14:55	150.0	1.8	182.3	45.4	70.5	41.3	3.3	46.6	0	23.6	2.89	83.41
593	5/4/21 14:55	150.1	2.0	178.0	46.1	71.9	43.5	4.5	50.0	0	23.6	2.5	82.96
594	5/4/21 14:55	149.9	1.8	183.0	62.2	91.2	43.5	4.0	49.5	1	27.4	2.89	83.05
595	5/4/21 14:55	150.0	1.8	180.0	57.7	83.6	43.7	6.4	52.1	0	25.9	2.81	83.49
596	5/4/21 14:55	150.0	1.6	184.6	48.7	74.7	43.5	4.8	50.3	0	24.4	3.12	83.01
597	5/4/21 14:55	150.0	1.9	182.3	55.4	80.9	39.5	3.5	45.0	0	25.8	2.65	82.87
598	5/4/21 14:55	149.9	2.1	174.3	42.1	71.6	41.5	4.2	47.7	0	22.9	2.27	82.97
599	5/4/21 14:55	150.1	2.1	187.0	63.5	88.7	40.8	6.5	49.3	1	28.1	2.36	82.79
600	5/4/21 14:55	149.9	2.3	181.2	47.9	74.3	39.4	3.9	45.3	0	24.7	2.01	82.86
601	5/4/21 14:56	149.9	2.0	177.1	45.3	72.6	39.1	3.8	44.9	0	23.5	2.51	82.99
602	5/4/21 14:56	150.1	2.0	187.7	61.6	87.8	37.5	4.1	43.6	1	27.7	2.56	83.1
603	5/4/21 14:56	149.9	2.3	176.4	52.0	77.6	37.0	5.2	44.2	0	24.9	2.03	83.23
604	5/4/21 14:56	149.9	2.1	171.1	58.0	83.1	38.3	5.2	45.5	0	25.3	2.31	82.7
605	5/4/21 14:56	149.8	2.0	179.0	49.6	79.2	37.3	3.2	42.4	0	24.8	2.48	83.1
606	5/4/21 14:56	150.0	2.4	184.8	38.8	64.9	36.7	4.0	42.7	0	23.3	1.94	82.91
607	5/4/21 14:56	150.0	2.0	185.1	65.7	93.8	43.5	3.4	48.9	1	28.4	2.57	82.96
608	5/4/21 14:56	150.0	2.0	177.7	44.3	73.3	42.6	2.8	47.4	0	23.5	2.51	82.77
609	5/4/21 14:56	149.8	1.9	182.7	57.8	85.4	44.2	2.6	48.8	0	26.5	2.61	82.91
610	5/4/21 14:56	149.9	1.9	177.6	55.6	81.6	37.6	2.5	42.1	1	25.4	2.66	83.35
611	5/4/21 14:56	150.0	1.8	178.5	52.6	79.2	36.7	4.0	42.6	0	24.8	2.79	82.75
612	5/4/21 14:56	150.0	1.9	177.4	39.5	68.7	40.4	1.2	43.6	0	22.5	2.59	82.63
613	5/4/21 14:56	149.9	2.2	178.4	53.8	81.9	39.0	3.3	44.3	0	25.6	2.14	83.15
614	5/4/21 14:56	150.0	2.1	178.2	46.0	71.1	45.2	4.6	51.8	0	23.6	2.39	83.26
615	5/4/21 14:56	149.9	1.8	177.8	48.3	76.3	40.8	3.4	46.2	0	24.0	2.83	83.07
616	5/4/21 14:56	150.0	2.0	174.0	39.2	66.0	43.5	4.0	49.6	0	21.9	2.43	82.95
617	5/4/21 14:56	149.9	1.9	185.0	52.8	79.3	42.8	4.9	49.7	0	25.6	2.65	82.78
618	5/4/21 14:56	150.0	2.1	187.2	59.7	88.6	38.1	3.5	43.6	0	27.6	2.43	83.13
619	5/4/21 14:56	150.0	2.1	174.6	46.7	72.0	40.0	5.0	47.0	0	23.4	2.35	82.72
620	5/4/21 14:56	149.8	1.8	171.5	43.7	73.7	42.5	6.6	51.1	0	22.7	2.76	83.36
621	5/4/21 14:57	150.1	2.0	174.4	58.2	87.4	39.0	3.8	44.8	0	26.1	2.38	82.8
622	5/4/21 14:57	150.1	2.3	182.4	56.7	83.8	43.6	4.0	49.6	0	26.6	2.07	82.61
623	5/4/21 14:57	150.1	1.9	175.6	58.4	85.7	41.8	3.9	47.6	0	25.9	2.55	82.99
624	5/4/21 14:57	150.0	2.0	168.0	43.9	71.3	42.2	4.6	48.9	0	22.3	2.36	82.78
625	5/4/21 14:57	150.1	1.8	175.7	57.3	84.6	37.7	3.0	42.6	0	25.6	2.76	82.79
626	5/4/21 14:57	149.8	1.9	181.0	46.7	71.9	37.1	5.2	44.3	0	23.9	2.61	83.15
627	5/4/21 14:57	150.0	2.1	182.1	54.6	82.1	38.5	3.1	43.6	0	26.0	2.37	83.0
628	5/4/21 14:57	150.0	1.7	181.0	50.7	80.5	37.5	5.1	44.6	0	25.0	2.9	82.81
629	5/4/21 14:57	149.9	2.1	181.7	49.4	78.6	40.1	2.7	44.9	0	25.0	2.43	83.47
630	5/4/21 14:57	150.0	1.8	177.9	45.9	71.9	44.7	5.1	51.8	0	23.4	2.77	83.13
631	5/4/21 14:57	150.0	2.3	177.8	54.9	81.3	39.9	2.8	44.7	0	25.6	2.09	83.03
632	5/4/21 14:57	150.0	2.0	181.3	38.8	66.1	31.4	2.1	35.6	0	22.6	2.47	82.69
633	5/4/21 14:57	149.9	1.7	179.9	55.4	80.6	46.2	3.7	51.9	0	25.3	2.98	82.73
634	5/4/21 14:57	150.0	1.9	183.7	54.5	80.9	36.7	3.8	42.5	0	25.8	2.73	83.16
635	5/4/21 14:57	150.0	2.1	179.8	46.0	71.1	38.5	3.4	43.9	0	23.7	2.42	82.56
636	5/4/21 14:57	150.1	1.9	175.3	54.1	80.2	39.9	5.1	47.0	0	24.9	2.53	83.2
637	5/4/21 14:57	150.0	2.1	187.1	53.3	79.6	41.1	5.0	48.1	0	26.1	2.39	83.0
638	5/4/21 14:57	150.1	2.1	174.5	52.8	81.7	37.0	4.8	43.8	0	25.0	2.25	82.82
639	5/4/21 14:57	150.0	2.1	185.5	49.6	76.2	36.8	2.8	41.6	0	25.2	2.47	82.84
640	5/4/21 14:57	150.1	2.1	177.1	47.3	75.2	37.0	3.7	42.7	0	24.0	2.39	82.95
641	5/4/21 14:58	150.0	2.0	177.6	49.1	74.8	39.4	3.8	45.2	0	24.1	2.51	83.02
642	5/4/21 14:58	150.0	2.3	170.3	49.6	78.1	40.1	2.3	44.4	0	24.1	2.01	83.03
643	5/4/21 14:58	149.9	2.3	179.0	51.8	76.8	42.5	4.1	48.5	0	25.0	2.11	83.09
644	5/4/21 14:58	150.2	2.0	174.3	53.5	79.1	39.4	5.0	46.4	0	24.7	2.45	83.05
645	5/4/21 14:58	149.9	1.9	179.1	49.2	75.7	43.6	6.2	51.9	0	24.3	2.64	82.58
646	5/4/21 14:58	150.2	2.1	180.7	39.4	67.7	43.6	4.6	50.2	0	22.8	2.42	83.31
647	5/4/21 14:58	149.9	1.8	192.9	45.9	74.0	43.5	5.6	51.1	0	25.1	2.86	83.34
648	5/4/21 14:58	150.1	1.9	186.0	51.6	81.3	39.5	2.8	44.3	0	25.8	2.72	82.75
649	5/4/21 14:58	149.9	2.1	178.8	43.6	71.9	41.1	3.1	46.2	0	23.6	2.28	82.95
650	5/4/21 14:58	150.1	2.6	175.4	47.9	76.7	40.1	4.6	46.7	0	24.6	1.62	82.9
651	5/4/21 14:58	149.9	2.2	182.7	47.1	76.5	39.8	4.3	46.1	0	24.8	2.21	82.83
652	5/4/21 14:58	150.0	1.4	181.8	47.4	76.6	38.3	5.0	45.3	0	24.0	3.39	82.65
653	5/4/21 14:58	150.1	2.2	177.3	68.5	95.7	39.2	4.1	45.3	1	28.4	2.16	83.18
654	5/4/21 14:58	150.1	1.9	169.1	45.1	71.5	42.4	3.9	48.3	0	22.4	2.61	83.06
655	5/4/21 14:58	149.8	1.9	184.2	53.8	78.9	38.0	1.8	41.8	1	25.6	2.66	83.39
656	5/4/21 14:58	150.0	1.8	175.0	45.3	70.8	41.3	5.0	48.3	0	22.9	2.77	82.97
657	5/4/21 14:58	150.1	2.0	182.3	48.2	73.5	43.4	4.6	50.0	0	24.4	2.53	82.99
658	5/4/21 14:58	149.9	1.8	174.2	57.9	86.0	39.9	4.6	46.4	0	25.6	2.72	83.39
659	5/4/21 14:58	149.8	1.7	173.0	56.3	84.3	44.4	2.6	49.0	1	25.1	2.82	83.23
660	5/4/21 14:58	150.0	2.1	176.8	42.2	70.8	42.2	3.7	47.9	0	23.1	2.33	82.86
661	5/4/21 14:59	150.0	2.4	179.3	57.3	85.1	44.7	3.3	50.0	0	26.6	1.87	83.26
662	5/4/21 14:59	150.2	2.2	173.6	51.2	76.4	41.2	2.8	45.9	0	24.3	2.13	83.2
663	5/4/21 14:59	150.0	1.9	180.7	42.5	72.4	35.8	5.1	42.9	0	23.4	2.68	82.87
664	5/4/21 14:59	149.9	1.9	181.5	56.1	82.8	45.0	3.2	50.2	0	25.9	2.72	83.1
665	5/4/21 14:59	150.1	2.2	178.4	56.8	85.6	38.3	4.8	45.0	0	26.3	2.14	83.14
666	5/4/21 14:59	150.0	2.1	188.6	40.0	69.2	40.5	4.6	47.1	0	23.9	2.46	82.83
667	5/4/21 14:59	150.1	2.3	177.0	48.2	74.8	38.9	3.4	44.3	0	24.3	2.07	82.94
668	5/4/21 14:59	150.1	1.8	177.6	50.8	80.1	42.9	5.1	50.1	0	24.6	2.82	83.17
669	5/4/21 14:59	150.1	2.1	179.0	44.3	71.9	39.2	4.8	46.0	0	23.6	2.41	82.95
670	5/4/21 14:59	150.0	1.9	179.1	44.5	70.2	38.8	2.4	43.2	0	23.3	2.66	83.24
671	5/4/21 14:59	150.1	1.9	177.9	50.1	77.5	38.8	4.9	45.7	0	24.4	2.65	82.82
672	5/4/21 14:59	149.9	1.5	180.7	43.2	68.5	33.4	5.9	41.3	0	22.7	3.3	82.77
673	5/4/21 14:59	150.1	1.7	185.0	55.8	84.6	34.5	4.2	40.7	0	26.2	3.03	83.29
674	5/4/21 14:59	150.0	1.9	182.7	50.8	76.9	41.6	3.0	46.7	0	24.9	2.71	83.21
675	5/4/21 14:59	150.0	2.3	172.0	48.5	75.2	42.4	4.8	49.2	0	23.9	1.97	82.46
676	5/4/21 14:59	150.0	2.0	181.1	64.2	93.8	39.7	3.0	44.7	1	27.9	2.57	82.78
677	5/4/21 14:59	150.1	1.9	174.7	55.2	84.2	40.7	3.2	45.9	0	25.3	2.67	82.83
678	5/4/21 14:59	150.0	2.0	184.0	49.6	78.6	41.8	5.9	49.7	0	25.2	2.52	83.08
679	5/4/21 14:59	149.9	2.2	170.9	53.1	80.7	42.8	4.9	49.7	0	24.7	2.13	83.24
680	5/4/21 14:59	150.1	1.8	178.1	46.7	73.4	42.7	4.4	49.1	0	23.6	2.77	83.05
681	5/4/21 15:00	150.0	2.2	187.8	45.4	72.4	40.9	4.5	47.4	0	24.8	2.29	82.79
682	5/4/21 15:00	149.9	2.2	186.4	63.5	91.0	39.1	3.8	45.0	1	28.2	2.34	82.9
683	5/4/21 15:00	149.9	1.8	182.2	55.4	83.2	36.1	5.5	43.6	0	25.9	2.86	82.49
684	5/4/21 15:00	149.8	2.0	171.3	31.6	57.2	38.6	5.8	46.4	0	20.1	2.35	82.92
685	5/4/21 15:00	150.1	2.1	175.3	52.2	77.4	37.2	4.1	43.3	0	24.6	2.23	82.75
686	5/4/21 15:00	150.1	1.9	181.3	49.1	75.7	38.7	3.8	44.5	0	24.6	2.6	83.07
687	5/4/21 15:00	150.1	2.0	186.7	47.9	73.7	38.6	3.1	43.7	0	24.8	2.63	82.93
688	5/4/21 15:00	150.1	2.0	178.5	45.7	72.4	36.8	4.3	43.0	0	23.6	2.52	83.08
689	5/4/21 15:00	150.1	2.1	172.2	57.9	85.5	41.1	4.3	47.4	0	25.6	2.34	82.82
690	5/4/21 15:00	149.9	2.2	183.8	60.8	90.0	40.4	5.0	47.4	1	27.7	2.22	82.54
691	5/4/21 15:00	150.0	1.9	180.4	53.2	81.7	38.5	6.3	46.8	0	25.4	2.65	82.8
692	5/4/21 15:00	150.1	2.2	180.5	60.5	89.4	42.2	2.0	46.2	1	27.2	2.24	82.94
693	5/4/21 15:00	149.8	1.8	173.8	54.4	80.5	38.1	5.7	45.8	0	24.7	2.7	83.05
694	5/4/21 15:00	149.9	2.0	171.3	51.2	79.2	34.6	4.0	40.6	0	24.2	2.42	82.83
695	5/4/21 15:00	149.8	2.1	179.0	51.9	79.8	42.2	5.2	49.4	0	25.2	2.35	82.96
696	5/4/21 15:00	150.1	2.0	172.0	49.4	79.3	37.0	3.5	42.5	0	24.0	2.49	83.01
697	5/4/21 15:00	150.1	2.2	175.0	45.7	72.1	41.9	4.6	48.4	0	23.5	2.19	82.95
698	5/4/21 15:00	149.9	2.2	185.4	53.7	78.9	40.9	2.5	45.4	0	26.0	2.19	83.27
699	5/4/21 15:00	150.0	2.1	177.0	61.5	89.2	36.1	4.0	42.1	1	26.8	2.38	83.05
700	5/4/21 15:00	150.0	2.1	182.7	50.9	80.3	42.1	5.8	49.9	0	25.5	2.42	83.06
701	5/4/21 15:01	149.9	2.5	174.9	42.5	70.2	37.5	4.0	43.5	0	23.3	1.63	83.39
702	5/4/21 15:01	150.0	1.8	175.1	54.3	79.4	35.5	4.3	41.8	0	24.7	2.75	82.9
703	5/4/21 15:01	150.2	2.2	190.4	53.9	81.8	41.0	4.7	47.8	0	26.8	2.27	83.23
704	5/4/21 15:01	150.0	1.9	185.5	47.3	72.4	37.0	3.2	42.2	0	24.4	2.73	83.19
705	5/4/21 15:01	149.9	1.7	179.3	42.2	70.2	36.5	3.9	42.4	0	22.9	2.98	82.81
706	5/4/21 15:01	150.1	1.9	175.3	48.3	75.8	39.6	5.1	46.7	0	23.9	2.55	83.27
707	5/4/21 15:01	149.9	2.1	183.8	41.5	69.0	39.8	4.2	45.9	0	23.5	2.44	83.05
708	5/4/21 15:01	150.0	2.1	179.1	43.5	70.5	40.1	3.0	45.1	0	23.4	2.4	82.77
709	5/4/21 15:01	150.1	1.9	174.3	60.6	86.9	40.7	3.2	45.9	1	26.1	2.56	82.91
710	5/4/21 15:01	150.0	2.2	192.4	33.6	61.2	36.8	3.5	42.2	0	22.9	2.33	82.92
711	5/4/21 15:01	150.0	1.8	183.2	56.3	82.4	38.4	2.9	43.3	0	25.9	2.88	83.02
712	5/4/21 15:01	149.9	1.8	180.3	55.5	81.2	44.3	4.2	50.5	0	25.5	2.8	83.17
713	5/4/21 15:01	150.0	2.2	180.1	62.1	90.8	36.8	3.5	42.3	1	27.5	2.21	83.23
714	5/4/21 15:01	150.3	2.3	178.6	46.5	76.2	42.7	4.6	49.3	0	24.5	1.99	82.92
715	5/4/21 15:01	149.9	1.8	180.4	40.3	66.9	36.0	6.6	44.6	0	22.5	2.83	83.23
716	5/4/21 15:01	150.1	1.8	182.1	49.3	76.6	36.3	3.7	42.0	0	24.5	2.88	82.55
717	5/4/21 15:01	149.8	1.8	176.5	50.1	76.6	39.6	3.9	45.5	0	24.1	2.72	83.23
718	5/4/21 15:01	150.1	1.9	179.2	42.2	70.1	40.1	4.4	46.5	0	23.1	2.58	83.23
719	5/4/21 15:01	150.0	1.6	182.3	45.3	74.0	39.0	3.2	44.2	0	23.7	3.15	83.26
720	5/4/21 15:01	150.0	2.0	179.3	48.3	75.3	40.6	5.0	47.6	0	24.3	2.46	82.62
721	5/4/21 15:02	150.0	2.0	168.9	50.0	78.0	41.6	4.6	48.2	0	23.7	2.37	82.86
722	5/4/21 15:02	149.9	2.4	181.2	60.3	87.7	41.1	4.0	47.1	1	27.3	1.96	82.6
723	5/4/21 15:02	149.8	2.1	181.0	37.2	63.2	41.6	5.2	48.8	0	22.3	2.31	83.02
724	5/4/21 15:02	149.8	2.0	180.5	51.9	78.9	37.7	4.9	44.6	0	25.1	2.55	83.19
725	5/4/21 15:02	149.8	2.3	181.2	56.4	85.1	37.6	3.9	43.5	0	26.6	2.09	83.0
726	5/4/21 15:02	150.1	1.8	178.0	45.2	71.4	37.5	5.4	45.0	0	23.3	2.73	83.0
727	5/4/21 15:02	149.8	1.9	181.0	70.0	95.5	37.2	4.1	43.3	1	28.5	2.68	83.06
728	5/4/21 15:02	150.1	1.7	176.6	43.9	70.2	41.9	4.6	48.5	0	22.8	2.84	82.91
729	5/4/21 15:02	149.9	2.2	178.9	46.5	76.0	39.0	6.0	47.0	0	24.3	2.26	82.6
730	5/4/21 15:02	150.0	1.9	180.3	41.4	70.8	33.9	2.8	38.7	0	23.1	2.68	83.05
731	5/4/21 15:02	150.1	2.1	189.0	35.8	65.2	39.8	5.0	46.9	0	23.1	2.5	83.21
732	5/4/21 15:02	150.0	1.8	186.6	60.1	88.9	42.8	4.2	49.0	1	27.4	2.85	83.18
733	5/4/21 15:02	150.0	1.8	175.2	51.1	77.7	42.8	3.7	48.5	0	24.2	2.69	82.97
734	5/4/21 15:02	150.0	2.5	176.4	53.9	80.6	42.3	3.1	47.4	0	25.5	1.78	83.24
735	5/4/21 15:02	150.0	2.1	181.4	48.9	77.2	42.4	3.7	48.1	0	24.8	2.4	82.78
736	5/4/21 15:02	149.9	2.0	189.5	55.4	81.4	38.5	1.9	42.4	1	26.6	2.63	82.93
737	5/4/21 15:02	150.1	2.3	173.5	56.5	81.9	42.5	4.0	48.5	0	25.4	2.05	82.68
738	5/4/21 15:02	149.9	2.2	179.6	49.9	77.3	44.7	3.2	49.8	0	24.8	2.26	82.77
739	5/4/21 15:02	150.0	1.9	176.2	45.1	70.5	39.6	5.5	47.1	0	23.1	2.55	82.88
740	5/4/21 15:02	150.0	2.0	184.5	58.8	85.0	39.5	3.5	44.9	0	26.9	2.48	82.98
741	5/4/21 15:03	150.0	1.8	182.0	49.2	74.3	37.7	2.3	42.0	0	24.4	2.75	82.95
742	5/4/21 15:03	149.7	2.1	179.2	57.1	82.5	38.7	3.0	43.7	0	26.0	2.27	83.3
743	5/4/21 15:03	149.8	1.9	181.7	59.4	85.4	39.3	4.2	45.5	0	26.5	2.66	82.79
744	5/4/21 15:03	150.1	2.3	176.2	47.6	73.2	39.1	4.3	45.5	0	24.0	1.99	83.09
745	5/4/21 15:03	150.2	2.1	194.9	68.3	96.7	39.9	4.5	46.5	1	30.1	2.55	82.82
746	5/4/21 15:03	150.0	2.0	174.5	59.2	87.8	34.4	2.9	39.3	0	26.2	2.38	82.72
747	5/4/21 15:03	150.0	2.1	180.8	40.3	65.8	38.1	3.1	43.2	0	22.8	2.34	83.05
748	5/4/21 15:03	150.1	2.0	181.4	41.9	68.9	38.3	5.1	45.4	0	23.2	2.51	83.13
749	5/4/21 15:03	150.2	1.9	181.4	41.4	68.6	44.8	3.4	50.2	0	23.0	2.73	83.35
750	5/4/21 15:03	149.9	1.9	181.6	60.4	89.5	41.3	4.8	48.1	1	27.1	2.61	83.01
751	5/4/21 15:03	149.8	2.0	179.4	57.6	86.0	44.4	4.3	50.8	0	26.3	2.53	83.07
752	5/4/21 15:03	150.0	2.4	179.6	43.5	71.1	44.4	4.6	50.9	0	23.8	1.95	83.07
753	5/4/21 15:03	150.0	1.9	182.6	47.1	74.8	36.9	5.0	43.9	0	24.4	2.64	83.24
754	5/4/21 15:03	150.0	1.8	176.1	50.9	80.6	43.9	4.1	50.0	0	24.5	2.8	82.87
755	5/4/21 15:03	150.1	1.9	181.2	47.0	74.8	44.7	2.6	49.4	0	24.2	2.74	82.74
756	5/4/21 15:03	149.9	2.2	180.9	59.5	88.3	40.8	4.4	47.2	0	27.1	2.14	83.36
757	5/4/21 15:03	149.9	2.0	181.2	44.0	72.8	41.3	4.5	47.8	0	23.8	2.55	83.04
758	5/4/21 15:03	150.1	2.0	173.2	58.5	84.3	41.9	4.7	48.7	0	25.6	2.47	82.85
759	5/4/21 15:03	150.0	2.1	181.8	50.7	77.3	47.2	4.6	53.8	0	25.1	2.37	83.1
760	5/4/21 15:03	150.2	1.9	174.1	56.9	82.6	38.2	4.0	44.2	0	25.3	2.59	82.94
761	5/4/21 15:04	150.2	2.1	178.5	58.6	84.1	37.5	3.8	43.3	0	26.3	2.27	82.76
762	5/4/21 15:04	149.9	2.0	179.4	42.0	70.6	43.3	4.3	49.6	0	23.2	2.45	82.87
763	5/4/21 15:04	149.9	2.2	187.2	44.7	71.5	38.1	4.1	44.2	0	24.5	2.28	83.46
764	5/4/21 15:04	150.0	1.8	178.5	46.8	72.5	41.1	2.2	45.2	0	23.6	2.75	82.68
765	5/4/21 15:04	149.9	2.0	177.6	55.5	82.2	42.7	2.5	47.3	1	25.5	2.51	83.09
766	5/4/21 15:04	150.0	2.2	175.2	48.1	77.7	43.0	4.0	49.0	0	24.3	2.13	82.72
767	5/4/21 15:04	150.1	2.0	181.9	50.9	80.1	43.2	2.6	47.8	0	25.3	2.49	82.97
768	5/4/21 15:04	149.9	2.0	174.8	43.8	69.7	41.6	3.5	47.2	0	22.8	2.51	83.04
769	5/4/21 15:04	150.0	2.0	176.2	51.0	79.0	36.9	4.3	43.2	0	24.6	2.43	82.71
770	5/4/21 15:04	150.0	2.3	178.5	43.4	72.0	46.5	4.5	53.0	0	23.7	1.98	83.05
771	5/4/21 15:04	149.9	1.9	184.5	41.9	69.9	36.0	2.9	41.0	0	23.6	2.66	83.05
772	5/4/21 15:04	150.2	1.4	183.2	60.0	85.0	38.3	3.9	44.2	1	26.2	3.43	83.11
773	5/4/21 15:04	150.0	2.0	171.7	43.1	68.3	41.8	5.0	48.8	0	22.4	2.36	83.2
774	5/4/21 15:04	150.1	2.2	182.1	48.1	74.1	37.7	2.1	41.8	0	24.6	2.23	82.88
775	5/4/21 15:04	150.0	1.8	177.3	55.6	81.0	44.7	4.7	51.4	0	25.2	2.71	83.11
776	5/4/21 15:04	150.0	2.1	179.3	46.1	74.5	39.4	3.3	44.7	0	24.1	2.39	83.15
777	5/4/21 15:04	150.2	2.0	175.3	53.6	79.4	43.1	3.6	48.7	0	24.8	2.51	83.19
778	5/4/21 15:04	149.8	2.1	175.0	47.1	74.8	45.1	5.8	52.8	0	23.7	2.37	83.01
779	5/4/21 15:04	150.1	1.9	184.3	40.7	66.2	43.1	4.3	49.4	0	23.1	2.65	82.78
780	5/4/21 15:04	150.0	2.2	186.8	51.9	80.1	40.0	5.2	47.2	0	26.1	2.29	83.2
781	5/4/21 15:05	150.0	1.9	182.8	49.8	75.7	42.8	4.1	48.9	0	24.8	2.62	83.23
782	5/4/21 15:05	149.9	2.0	175.7	46.2	74.2	47.5	5.0	54.5	0	23.6	2.47	82.88
783	5/4/21 15:05	149.9	1.9	186.3	48.8	74.5	42.9	2.4	47.3	0	24.9	2.72	82.9
784	5/4/21 15:05	150.0	2.2	172.4	54.7	82.1	44.2	4.8	51.0	0	25.2	2.05	83.1
785	5/4/21 15:05	150.0	2.2	172.7	39.0	66.3	44.5	5.4	51.9	0	22.0	2.08	83.25
786	5/4/21 15:05	150.1	1.8	172.5	46.9	72.5	36.4	5.8	44.2	0	22.9	2.79	82.69
787	5/4/21 15:05	150.1	2.0	168.8	52.7	79.2	41.1	2.6	45.7	0	24.1	2.42	83.17
788	5/4/21 15:05	149.9	2.1	175.6	43.6	72.5	41.9	3.4	47.3	0	23.3	2.25	82.81
789	5/4/21 15:05	150.0	2.0	179.3	35.2	64.2	44.6	3.9	50.5	0	21.9	2.42	82.89
790	5/4/21 15:05	150.1	1.9	185.2	44.7	72.4	40.1	4.6	46.7	0	24.1	2.73	83.1
791	5/4/21 15:05	150.1	1.8	181.6	42.4	72.2	35.5	5.2	42.7	0	23.4	2.8	83.33
792	5/4/21 15:05	149.9	1.9	173.7	51.0	80.1	39.4	5.8	47.2	0	24.4	2.58	83.04
793	5/4/21 15:05	149.8	1.8	181.5	46.2	72.7	44.2	4.5	50.6	0	23.9	2.8	82.85
794	5/4/21 15:05	150.1	1.8	181.3	53.5	80.8	40.4	4.7	47.0	0	25.3	2.87	83.47
795	5/4/21 15:05	150.2	1.9	179.3	48.2	74.1	34.8	3.5	40.3	0	24.1	2.64	83.18
796	5/4/21 15:05	150.0	2.0	177.9	52.6	80.7	35.7	2.7	40.4	0	25.1	2.48	83.21
797	5/4/21 15:05	150.0	2.0	180.9	58.3	87.6	40.9	4.6	47.5	0	26.7	2.47	83.01
798	5/4/21 15:05	149.7	2.2	180.1	44.1	70.4	41.5	2.0	45.5	0	23.6	2.26	82.77
799	5/4/21 15:05	150.1	1.8	184.6	51.1	80.4	36.2	4.2	42.5	0	25.5	2.78	82.9
800	5/4/21 15:05	149.7	2.1	187.5	39.6	67.7	44.3	4.3	50.7	0	23.6	2.42	82.99
801	5/4/21 15:06	149.9	2.0	182.4	54.8	83.1	41.7	2.8	46.5	0	26.0	2.52	82.97
802	5/4/21 15:06	150.0	1.6	177.5	56.3	82.1	38.2	4.2	44.4	0	25.2	3.06	83.14
803	5/4/21 15:06	149.8	1.9	181.6	47.4	73.9	39.1	5.7	46.8	0	24.2	2.59	83.02
804	5/4/21 15:06	149.9	1.7	181.5	46.3	75.0	43.8	3.8	49.6	0	24.0	2.95	83.04
805	5/4/21 15:06	149.9	2.2	176.4	50.6	79.1	36.1	4.4	42.5	0	24.8	2.15	83.41
806	5/4/21 15:06	149.9	2.1	183.1	39.3	68.4	43.9	5.5	51.3	0	23.2	2.34	83.08
807	5/4/21 15:06	150.0	1.8	178.1	56.2	84.2	36.6	4.6	43.2	0	25.7	2.78	83.11
808	5/4/21 15:06	150.1	2.2	185.7	57.3	82.3	33.9	4.7	40.6	0	26.8	2.22	82.84
809	5/4/21 15:06	150.1	2.1	185.5	45.3	72.0	40.7	5.0	47.7	0	24.4	2.43	83.28
810	5/4/21 15:06	150.3	2.2	182.1	53.5	81.9	42.4	3.8	48.2	0	25.9	2.23	82.96
811	5/4/21 15:06	150.1	1.7	176.7	44.2	69.3	36.4	5.3	43.7	0	22.7	2.9	83.03
812	5/4/21 15:06	150.1	2.4	189.4	41.1	67.8	37.3	2.0	41.3	0	24.2	2.03	83.0
813	5/4/21 15:06	149.9	2.2	175.3	48.7	77.8	38.9	4.5	45.4	0	24.4	2.2	83.07
814	5/4/21 15:06	150.0	1.7	174.5	50.9	80.3	38.1	4.6	44.7	0	24.3	2.89	83.07
815	5/4/21 15:06	149.9	1.8	177.8	51.4	79.9	42.1	2.3	46.4	1	24.7	2.84	82.97
816	5/4/21 15:06	150.0	2.0	182.3	49.9	77.0	40.1	3.2	45.3	0	24.9	2.56	82.88
817	5/4/21 15:06	150.0	1.9	179.0	33.7	59.0	43.2	5.3	50.6	0	21.0	2.7	82.81
818	5/4/21 15:06	149.9	1.8	183.6	46.9	72.3	40.2	4.7	46.9	0	24.1	2.86	82.8
819	5/4/21 15:06	149.8	2.0	184.6	55.8	83.8	41.1	4.3	47.4	0	26.4	2.53	83.16
820	5/4/21 15:06	150.0	2.2	179.0	67.5	94.0	43.3	3.3	48.6	1	28.2	2.22	83.24
821	5/4/21 15:07	150.0	2.2	178.4	49.7	77.1	37.9	4.6	44.5	0	24.7	2.19	83.18
822	5/4/21 15:07	150.0	2.2	180.6	57.3	86.1	42.1	2.8	46.9	0	26.6	2.27	82.76
823	5/4/21 15:07	150.0	1.8	181.7	59.5	86.0	41.8	3.1	46.9	0	26.5	2.86	83.04
824	5/4/21 15:07	150.1	2.0	177.8	52.8	80.2	40.8	5.2	48.1	0	25.0	2.55	83.38
825	5/4/21 15:07	149.9	1.9	185.7	67.2	96.5	41.8	3.2	47.0	1	28.8	2.7	83.25
826	5/4/21 15:07	149.9	2.1	181.9	60.7	88.5	34.9	4.6	41.5	1	27.3	2.3	82.74
827	5/4/21 15:07	150.0	2.1	177.8	50.6	78.6	39.9	4.4	46.3	0	24.8	2.32	83.11
828	5/4/21 15:07	150.1	2.1	184.0	38.4	66.3	41.3	6.3	49.5	0	22.9	2.46	82.97
829	5/4/21 15:07	150.0	2.3	180.2	49.4	77.5	42.7	4.5	49.3	0	25.0	2.05	82.87
830	5/4/21 15:07	149.9	2.0	180.0	49.3	77.8	37.8	6.2	46.0	0	24.7	2.46	83.42
831	5/4/21 15:07	150.0	1.9	175.5	60.7	90.5	35.9	4.3	42.3	1	26.6	2.58	82.72
832	5/4/21 15:07	149.9	2.0	173.3	57.5	86.0	31.4	4.9	38.4	0	25.6	2.49	82.98
833	5/4/21 15:07	150.2	1.9	186.7	45.6	71.3	37.3	6.8	46.1	0	24.3	2.73	82.86
834	5/4/21 15:07	149.9	2.1	177.3	43.8	70.0	44.9	2.7	49.6	0	23.2	2.3	82.86
835	5/4/21 15:07	149.9	1.9	180.1	51.1	76.7	43.8	3.9	49.7	0	24.7	2.68	82.88
836	5/4/21 15:07	150.1	1.8	176.0	52.4	81.5	40.4	4.5	46.9	0	24.8	2.69	83.05
837	5/4/21 15:07	149.8	2.3	181.2	46.2	74.0	37.9	3.2	43.1	0	24.4	2.05	83.36
838	5/4/21 15:07	150.0	2.0	182.7	46.3	75.8	38.6	3.4	44.0	0	24.4	2.6	83.04
839	5/4/21 15:07	150.1	1.7	184.9	38.5	67.3	40.4	5.6	48.0	0	22.7	3.04	82.82
840	5/4/21 15:07	149.9	1.7	182.5	58.4	84.9	38.6	3.1	43.6	0	26.3	2.93	83.1
841	5/4/21 15:08	150.0	1.9	179.9	43.8	70.3	42.9	4.0	48.9	0	23.3	2.67	82.96
842	5/4/21 15:08	150.1	1.9	186.3	44.4	73.9	43.6	4.5	50.1	0	24.3	2.76	83.29
843	5/4/21 15:08	150.0	1.9	177.3	57.8	84.6	37.8	3.2	43.0	0	25.8	2.66	82.85
844	5/4/21 15:08	150.0	2.1	176.5	37.3	66.4	41.2	3.8	47.0	0	22.1	2.33	82.89
845	5/4/21 15:08	150.1	2.5	192.8	57.7	83.8	43.3	5.4	50.8	0	27.9	1.88	82.62
846	5/4/21 15:08	150.0	1.7	182.1	45.7	74.1	43.8	4.8	50.5	0	23.9	2.92	83.04
847	5/4/21 15:08	150.0	1.9	177.7	46.2	74.9	33.7	3.6	39.3	0	23.8	2.61	83.08
848	5/4/21 15:08	149.9	1.9	176.0	55.1	84.8	41.1	2.9	45.9	0	25.5	2.56	82.86
849	5/4/21 15:08	150.0	2.4	175.8	50.3	77.9	30.1	4.1	36.2	0	24.8	1.83	83.05
850	5/4/21 15:08	150.0	2.0	185.3	43.5	70.4	36.0	5.3	43.4	0	23.9	2.58	82.78
851	5/4/21 15:08	149.9	2.1	178.2	53.9	82.6	40.9	2.7	45.7	0	25.6	2.32	83.22
852	5/4/21 15:08	150.0	1.9	177.5	42.5	71.0	35.4	3.9	41.2	0	23.0	2.59	83.38
853	5/4/21 15:08	150.1	2.1	187.7	37.2	63.3	40.0	2.7	44.7	0	22.9	2.39	83.02
854	5/4/21 15:08	150.0	2.2	180.5	57.8	82.9	39.2	3.2	44.4	0	26.4	2.17	82.73
855	5/4/21 15:08	150.0	2.2	183.1	63.5	93.0	39.0	2.8	43.8	1	28.1	2.25	82.9
856	5/4/21 15:08	149.9	2.2	171.8	53.5	79.3	36.0	4.5	42.5	0	24.6	2.13	83.0
857	5/4/21 15:08	150.0	1.9	175.4	54.9	81.7	40.6	3.8	46.4	0	25.1	2.59	83.12
858	5/4/21 15:08	149.8	2.0	179.3	49.7	77.2	38.8	4.5	45.3	0	24.6	2.46	82.93
859	5/4/21 15:08	149.7	2.2	189.5	65.5	94.3	42.6	4.5	49.1	1	29.1	2.36	82.95
860	5/4/21 15:08	150.0	1.9	186.0	44.0	72.6	38.4	4.1	44.5	0	24.1	2.74	83.29
861	5/4/21 15:09	150.0	2.2	174.9	53.6	82.0	42.3	3.5	47.8	0	25.3	2.12	82.98
862	5/4/21 15:09	150.0	2.1	189.2	47.8	76.2	39.5	4.2	45.8	0	25.4	2.41	83.04
863	5/4/21 15:09	150.1	1.8	177.5	54.4	84.1	36.1	4.3	42.4	0	25.4	2.8	83.22
864	5/4/21 15:09	149.9	2.1	185.6	47.2	75.8	41.9	3.4	47.4	0	24.9	2.46	83.23
865	5/4/21 15:09	150.0	1.7	178.5	46.0	75.1	39.2	4.0	45.2	0	23.7	2.94	83.22
866	5/4/21 15:09	150.1	2.0	178.0	39.6	64.8	38.9	3.3	44.2	0	22.2	2.46	82.41
867	5/4/21 15:09	149.9	1.8	180.2	48.4	78.2	37.2	2.2	41.4	1	24.4	2.86	82.95
868	5/4/21 15:09	150.0	2.5	184.1	53.6	83.3	34.6	3.7	40.4	0	26.6	1.83	82.73
869	5/4/21 15:09	150.1	1.9	172.0	44.2	73.6	38.4	3.3	43.7	0	22.8	2.64	83.19
870	5/4/21 15:09	150.0	2.0	177.7	56.8	85.5	38.2	5.3	45.6	0	26.0	2.53	83.22
871	5/4/21 15:09	150.1	2.1	182.0	53.0	79.1	39.0	3.7	44.7	0	25.6	2.3	82.63
872	5/4/21 15:09	150.0	1.7	181.4	50.2	75.9	38.1	5.5	45.6	0	24.5	2.89	83.27
873	5/4/21 15:09	149.9	1.7	184.5	41.8	71.6	37.4	3.1	42.6	0	23.5	2.95	83.28
874	5/4/21 15:09	150.0	2.0	177.4	45.9	73.0	42.9	4.1	49.0	0	23.6	2.48	83.05
875	5/4/21 15:09	150.0	1.8	178.8	53.5	83.3	39.2	4.1	45.3	0	25.3	2.85	82.87
876	5/4/21 15:09	150.0	2.1	176.4	61.1	88.1	38.9	4.6	45.5	1	26.7	2.32	83.32
877	5/4/21 15:09	150.0	2.0	187.1	50.1	78.4	44.5	1.8	48.2	1	25.6	2.51	83.23
878	5/4/21 15:09	150.0	2.2	183.5	56.9	82.2	37.0	4.5	43.6	0	26.4	2.29	82.91
879	5/4/21 15:09	149.9	2.0	180.9	42.7	69.4	40.3	3.6	45.8	0	23.3	2.57	82.92
880	5/4/21 15:09	150.0	2.2	186.1	61.3	87.9	36.6	3.9	42.6	1	27.7	2.31	82.95
881	5/4/21 15:10	149.9	1.9	172.3	48.9	77.4	38.2	4.0	44.2	0	23.7	2.59	83.43
882	5/4/21 15:10	150.1	1.8	182.8	45.8	72.0	43.0	4.3	49.3	0	23.9	2.76	82.83
883	5/4/21 15:10	150.0	2.1	177.3	40.7	66.3	35.8	3.1	40.9	0	22.5	2.35	82.88
884	5/4/21 15:10	149.9	2.1	182.1	56.3	83.4	43.1	4.2	49.4	0	26.3	2.38	82.88
885	5/4/21 15:10	149.9	2.1	183.7	55.8	81.4	38.1	4.7	44.8	0	26.1	2.45	83.12
886	5/4/21 15:10	150.0	1.8	189.5	55.7	85.5	40.9	1.8	44.7	1	26.9	2.88	82.82
887	5/4/21 15:10	150.2	1.9	174.4	49.3	78.2	38.2	3.4	43.6	0	24.1	2.53	82.91
888	5/4/21 15:10	150.1	2.3	177.2	56.6	85.6	37.8	5.7	45.5	0	26.2	2.02	82.56
889	5/4/21 15:10	149.8	1.8	176.7	37.9	67.8	40.2	3.0	45.2	0	22.0	2.79	83.14
890	5/4/21 15:10	150.1	2.2	185.1	69.0	96.8	37.8	4.5	44.3	1	29.3	2.23	83.07
891	5/4/21 15:10	149.8	2.0	182.5	58.7	88.3	40.0	6.5	48.5	0	26.9	2.53	82.68
892	5/4/21 15:10	149.8	1.9	180.4	55.3	82.1	37.0	4.3	43.3	0	25.7	2.6	83.1
893	5/4/21 15:10	150.2	2.2	186.4	51.0	79.1	39.2	2.8	44.0	0	25.9	2.2	83.27
894	5/4/21 15:10	150.1	2.3	180.0	44.7	71.7	38.1	4.1	44.2	0	24.0	2.01	82.87
895	5/4/21 15:10	150.1	1.9	183.9	48.6	76.4	42.3	4.7	49.0	0	24.7	2.76	83.17
896	5/4/21 15:10	150.0	2.1	179.9	46.9	72.3	38.6	3.1	43.7	0	24.0	2.38	83.21
897	5/4/21 15:10	150.1	2.0	176.9	50.3	76.6	40.4	5.0	47.4	0	24.3	2.54	83.09
898	5/4/21 15:10	150.2	1.8	167.7	42.0	70.9	36.5	4.3	42.8	0	21.9	2.61	83.14
899	5/4/21 15:10	150.0	1.8	180.1	56.8	83.1	37.7	4.1	43.8	0	25.8	2.85	82.92
900	5/4/21 15:10	149.9	1.8	179.8	44.6	72.5	42.7	4.2	48.9	0	23.5	2.78	82.93
901	5/4/21 15:11	150.0	2.3	179.0	43.8	72.8	38.8	4.9	45.8	0	23.9	2.03	83.18
902	5/4/21 15:11	150.1	2.0	170.1	45.2	71.3	40.5	3.8	46.3	0	22.7	2.33	83.21
903	5/4/21 15:11	149.8	2.1	179.2	51.7	77.0	42.1	5.9	50.1	0	24.9	2.27	83.02
904	5/4/21 15:11	150.0	2.3	176.1	41.1	68.1	40.2	3.1	45.3	0	22.8	2.03	82.78
905	5/4/21 15:11	150.1	2.0	186.6	54.4	79.6	43.1	3.8	48.9	0	26.1	2.58	83.05
906	5/4/21 15:11	150.1	2.1	185.5	51.0	77.3	42.6	6.1	50.7	0	25.4	2.47	83.04
907	5/4/21 15:11	150.1	1.7	174.4	50.4	79.6	37.0	3.6	42.6	0	24.1	2.94	82.86
908	5/4/21 15:11	150.0	1.9	182.4	52.0	80.0	40.0	5.4	47.4	0	25.3	2.71	82.95
909	5/4/21 15:11	150.3	2.0	174.3	54.2	81.4	42.7	5.0	49.6	0	25.0	2.47	83.16
910	5/4/21 15:11	149.8	2.1	188.6	46.1	72.8	41.8	4.4	48.3	0	24.8	2.49	83.03
911	5/4/21 15:11	149.8	1.9	191.4	55.5	81.1	36.9	4.5	43.4	0	26.7	2.7	83.01
912	5/4/21 15:11	150.0	2.0	178.1	54.6	80.2	45.3	5.0	52.3	0	25.3	2.47	83.34
913	5/4/21 15:11	150.0	2.0	175.6	60.5	88.5	38.1	5.0	45.1	1	26.4	2.48	83.0
914	5/4/21 15:11	149.9	2.0	183.4	46.8	74.0	40.4	6.3	48.7	0	24.4	2.57	82.82
915	5/4/21 15:11	149.9	2.1	186.3	45.4	72.4	39.9	4.2	46.1	0	24.5	2.47	83.12
916	5/4/21 15:11	150.1	2.3	173.9	39.2	64.4	35.4	2.9	40.3	0	22.1	1.96	82.97
917	5/4/21 15:11	150.0	2.0	180.0	46.5	75.8	35.3	3.7	41.0	0	24.2	2.56	83.02
918	5/4/21 15:11	150.1	1.9	178.2	53.5	83.1	41.6	2.8	46.5	0	25.4	2.59	83.27
919	5/4/21 15:11	150.1	1.7	181.7	56.4	84.0	41.6	3.4	47.0	0	25.9	2.93	82.98
920	5/4/21 15:11	150.0	2.1	184.0	49.2	77.2	34.7	3.2	39.9	0	25.1	2.45	82.98
921	5/4/21 15:12	150.1	2.2	173.3	51.3	78.1	39.4	3.8	45.2	0	24.5	2.11	82.8
922	5/4/21 15:12	149.8	2.3	182.0	31.9	60.6	37.5	2.8	42.2	0	21.7	2.1	83.11
923	5/4/21 15:12	150.1	2.3	177.1	58.1	87.6	38.9	4.7	45.5	0	26.6	1.98	83.08
924	5/4/21 15:12	150.0	2.3	175.1	45.6	72.2	43.9	4.7	50.6	0	23.6	1.97	82.18
925	5/4/21 15:12	150.0	2.0	186.2	47.4	77.3	37.6	2.8	42.4	0	25.1	2.52	82.58
926	5/4/21 15:12	150.0	2.0	184.9	56.7	85.2	42.3	4.9	49.2	0	26.7	2.55	83.01
927	5/4/21 15:12	150.0	2.1	187.4	64.5	90.4	34.3	4.0	40.3	1	28.3	2.47	83.0
928	5/4/21 15:12	150.0	1.4	185.6	50.9	78.5	36.4	2.9	41.2	1	24.9	3.4	82.9
929	5/4/21 15:12	150.0	2.0	178.6	52.0	81.1	41.4	3.6	47.0	0	25.2	2.45	83.39
930	5/4/21 15:12	150.0	2.0	175.4	36.5	65.0	39.5	4.5	45.9	0	21.7	2.48	83.01
931	5/4/21 15:12	150.0	2.0	172.2	51.4	79.6	38.7	5.0	45.6	0	24.3	2.41	83.25
932	5/4/21 15:12	149.9	1.9	188.7	64.3	91.7	40.7	4.3	47.0	1	28.3	2.81	82.85
933	5/4/21 15:12	150.2	2.0	190.3	52.5	78.5	37.6	2.8	42.4	0	26.2	2.54	82.62
934	5/4/21 15:12	150.1	2.2	174.3	54.0	82.0	39.5	4.8	46.3	0	25.2	2.21	83.42
935	5/4/21 15:12	150.0	2.3	180.7	48.9	77.0	41.2	2.7	45.9	0	25.0	2.05	82.81
936	5/4/21 15:12	150.0	2.2	179.7	50.3	75.7	41.1	2.7	45.8	0	24.7	2.26	82.78
937	5/4/21 15:12	150.1	2.0	178.9	35.9	63.9	42.5	4.4	49.0	0	21.8	2.55	83.01
938	5/4/21 15:12	150.1	1.7	183.7	49.1	78.4	37.5	3.2	42.7	0	24.9	2.92	83.41
939	5/4/21 15:12	149.9	2.0	176.4	54.7	81.3	35.9	2.9	40.8	0	25.3	2.45	82.8
940	5/4/21 15:12	150.0	2.2	170.1	49.2	77.1	42.5	4.9	49.5	0	23.9	2.06	82.48
941	5/4/21 15:13	150.1	1.8	173.0	54.2	83.9	36.8	3.9	42.8	0	24.9	2.79	82.66
942	5/4/21 15:13	149.9	1.9	178.6	48.4	76.6	39.3	4.5	45.8	0	24.3	2.58	83.05
943	5/4/21 15:13	150.0	1.9	172.4	52.1	79.9	36.2	3.8	42.0	0	24.4	2.54	83.21
944	5/4/21 15:13	149.9	1.8	171.7	54.1	79.2	41.6	4.6	48.2	0	24.4	2.65	82.79
945	5/4/21 15:13	149.9	2.1	184.9	51.1	76.2	39.0	4.3	45.4	0	25.4	2.34	82.79
946	5/4/21 15:13	150.1	2.0	185.5	39.2	68.0	41.6	4.3	47.9	0	23.3	2.58	83.17
947	5/4/21 15:13	149.8	1.8	180.8	46.1	74.7	41.8	3.2	47.0	0	23.9	2.88	83.06
948	5/4/21 15:13	150.0	1.7	177.8	49.6	76.8	44.8	3.7	50.5	0	24.1	2.89	82.68
949	5/4/21 15:13	149.9	2.3	168.4	49.5	75.7	42.8	4.1	48.9	0	23.7	1.87	82.81
950	5/4/21 15:13	150.2	2.0	179.4	52.1	77.2	35.6	6.8	44.5	0	24.9	2.46	83.2
951	5/4/21 15:13	150.0	2.1	176.7	47.5	77.2	37.7	2.5	42.2	0	24.3	2.3	83.04
952	5/4/21 15:13	149.9	1.7	175.7	36.0	64.6	44.1	5.4	51.5	0	21.3	2.97	82.96
953	5/4/21 15:13	150.0	1.9	185.4	44.7	72.6	42.6	3.6	48.3	0	24.2	2.7	83.45
954	5/4/21 15:13	150.1	1.9	186.1	61.3	90.5	41.9	3.5	47.4	1	27.7	2.72	82.85
955	5/4/21 15:13	149.9	2.3	185.2	65.8	94.9	41.2	3.2	46.4	1	28.9	2.1	82.99
956	5/4/21 15:13	150.2	2.1	185.8	60.5	90.1	35.9	2.9	40.8	1	27.7	2.48	83.37
957	5/4/21 15:13	150.0	2.0	179.9	50.4	79.4	41.6	4.0	47.6	0	24.9	2.56	82.85
958	5/4/21 15:13	150.0	1.7	180.7	45.7	71.2	40.4	4.4	46.7	0	23.5	2.98	82.49
959	5/4/21 15:13	149.9	1.7	184.3	45.7	73.2	36.8	5.2	44.0	0	24.1	2.95	83.19
960	5/4/21 15:13	150.0	1.9	181.6	57.4	84.2	42.7	5.2	49.8	0	26.2	2.72	82.91
961	5/4/21 15:14	150.0	2.1	178.6	57.2	87.0	39.0	4.1	45.1	0	26.4	2.32	82.83
962	5/4/21 15:14	150.1	2.2	175.3	56.3	85.6	40.5	2.0	44.5	1	25.9	2.15	83.05
963	5/4/21 15:14	149.9	2.1	180.8	59.5	84.8	36.3	4.0	42.3	0	26.6	2.3	82.82
964	5/4/21 15:14	150.0	2.3	177.2	42.0	69.7	33.9	2.1	38.1	0	23.2	2.01	83.04
965	5/4/21 15:14	150.2	2.2	177.5	32.8	61.0	41.0	3.4	46.3	0	21.3	2.23	82.82
966	5/4/21 15:14	150.0	1.7	177.9	38.8	65.3	38.7	2.4	43.1	0	21.9	2.91	83.04
967	5/4/21 15:14	150.0	2.1	178.8	52.5	80.8	41.2	4.4	47.6	0	25.3	2.32	83.07
968	5/4/21 15:14	150.0	2.0	180.5	51.4	79.8	39.0	4.1	45.2	0	25.1	2.53	82.85
969	5/4/21 15:14	149.9	2.0	171.2	55.1	82.6	39.3	2.2	43.5	1	24.9	2.38	82.72
970	5/4/21 15:14	150.1	1.8	176.8	54.9	84.1	39.8	5.2	47.0	0	25.3	2.81	83.08
971	5/4/21 15:14	150.0	1.5	175.7	58.0	84.3	40.6	4.7	47.3	0	25.4	3.13	83.04
972	5/4/21 15:14	150.0	1.8	172.8	43.1	71.4	40.6	4.1	46.7	0	22.5	2.76	82.78
973	5/4/21 15:14	150.0	1.8	183.1	59.1	88.8	43.7	3.8	49.5	0	26.9	2.78	83.12
974	5/4/21 15:14	150.1	2.1	172.0	39.8	67.1	37.4	3.3	42.7	0	22.0	2.31	82.81
975	5/4/21 15:14	150.1	2.0	179.6	56.7	83.9	43.0	5.5	50.6	0	26.0	2.45	82.77
976	5/4/21 15:14	150.1	1.8	184.5	41.4	70.3	37.8	2.0	41.8	0	23.4	2.83	82.85
977	5/4/21 15:14	150.0	1.9	174.6	50.7	78.3	36.5	5.1	43.5	0	24.2	2.64	83.05
978	5/4/21 15:14	150.0	1.9	174.0	45.1	73.8	40.7	4.7	47.4	0	23.2	2.52	82.8
979	5/4/21 15:14	150.2	2.1	180.6	48.4	76.1	41.8	4.2	47.9	0	24.6	2.4	83.04
980	5/4/21 15:14	149.9	1.8	181.0	42.7	69.3	40.4	4.9	47.3	0	23.1	2.79	83.27
981	5/4/21 15:15	150.1	1.8	185.7	54.5	82.8	41.4	3.4	46.8	0	26.1	2.8	82.96
982	5/4/21 15:15	150.0	1.7	177.9	44.4	73.6	41.1	3.6	46.7	0	23.3	2.86	82.68
983	5/4/21 15:15	149.8	2.0	175.1	33.3	62.7	38.3	3.9	44.2	0	21.1	2.51	82.89
984	5/4/21 15:15	149.8	2.0	179.4	43.0	68.4	41.5	4.9	48.4	0	23.1	2.49	83.16
985	5/4/21 15:15	150.1	2.2	168.0	42.1	69.0	35.9	3.8	41.7	0	22.1	2.09	82.96
986	5/4/21 15:15	150.1	2.3	177.3	49.7	74.8	42.3	3.6	47.9	0	24.5	2.06	82.83
987	5/4/21 15:15	150.0	2.0	186.6	58.5	88.2	41.6	3.4	47.0	0	27.3	2.58	82.67
988	5/4/21 15:15	149.9	1.7	183.1	41.3	67.4	43.2	4.8	50.0	0	22.9	2.96	83.07
989	5/4/21 15:15	150.0	1.8	172.7	51.7	80.2	43.2	3.8	49.0	0	24.3	2.66	83.21
990	5/4/21 15:15	150.0	2.2	189.4	57.5	83.3	38.2	4.6	44.7	0	27.2	2.36	83.11
991	5/4/21 15:15	149.9	2.0	178.9	51.7	80.6	37.6	4.3	43.8	0	25.2	2.42	83.21
992	5/4/21 15:15	149.9	1.9	177.2	52.0	78.8	41.9	4.1	48.0	0	24.7	2.61	83.06
993	5/4/21 15:15	149.9	2.1	175.1	37.2	66.4	41.6	5.2	48.9	0	22.0	2.27	82.89
994	5/4/21 15:15	149.9	1.5	170.7	50.5	78.8	41.6	2.9	46.6	1	23.5	3.2	83.04
995	5/4/21 15:15	150.0	2.4	181.9	52.9	82.4	42.8	4.9	49.7	0	26.2	1.85	83.17
996	5/4/21 15:15	150.1	1.9	173.9	54.8	83.9	41.7	4.0	47.7	0	25.1	2.61	83.01
997	5/4/21 15:15	150.0	1.9	178.8	52.2	80.4	40.8	4.2	47.0	0	25.1	2.59	83.16
998	5/4/21 15:15	150.0	1.7	179.3	64.8	90.9	42.3	4.0	48.3	1	27.2	2.96	83.25
999	5/4/21 15:15	150.0	2.0	190.0	58.2	87.1	38.2	2.1	42.3	1	27.5	2.64	82.81
1000	5/4/21 15:15	150.0	2.2	184.7	56.0	83.9	39.6	6.4	48.0	0	26.7	2.24	83.09
